1 0 0 0 0 0 0 0 0 0 0 0 0 0 0 0 0 0 0 0 0 0 0 0 0 0 0 0 0 0 0 0 0 0 0 0 0 0 0 0 0 0 0 0 0 0 0 0 0 0 0 0 0 0 0 0 0 0 0 0 0 0 0 0 0 0 0 0 0 0 0 0 0 0 0 0 0 0 0 0 0 0 0 0 0 0 0 0 0 0 0 0 0 0 0 0 0 0 0 0 
0 1 0 0 0 0 0 0 0 0 0 0 0 0 0 0 0 0 0 0 0 0 0 0 0 0 0 0 0 0 0 0 0 0 0 0 0 0 0 0 0 0 0 0 0 0 0 0 0 0 0 0 0 0 0 0 0 0 0 0 0 0 0 0 0 0 0 0 0 0 0 0 0 0 0 0 0 0 0 0 0 0 0 0 0 0 0 0 0 0 0 0 0 0 0 0 0 0 0 0 
0.373737 -0.350274 1 0 0 0 0 0 0 0 0 0 0 0 0 0 0 0 0 0 0 0 0 0 0 0 0 0 0 0 0 0 0 0 0 0 0 0 0 0 0 0 0 0 0 0 0 0 0 0 0 0 0 0 0 0 0 0 0 0 0 0 0 0 0 0 0 0 0 0 0 0 0 0 0 0 0 0 0 0 0 0 0 0 0 0 0 0 0 0 0 0 0 0 0 0 0 0 0 0 
0 0 0 1 0 0 0 0 0 0 0 0 0 0 0 0 0 0 0 0 0 0 0 0 0 0 0 0 0 0 0 0 0 0 0 0 0 0 0 0 0 0 0 0 0 0 0 0 0 0 0 0 0 0 0 0 0 0 0 0 0 0 0 0 0 0 0 0 0 0 0 0 0 0 0 0 0 0 0 0 0 0 0 0 0 0 0 0 0 0 0 0 0 0 0 0 0 0 0 0 
0.818182 -0.835227 0.399152 -2.47786 1 0 0 0 0 0 0 0 0 0 0 0 0 0 0 0 0 0 0 0 0 0 0 0 0 0 0 0 0 0 0 0 0 0 0 0 0 0 0 0 0 0 0 0 0 0 0 0 0 0 0 0 0 0 0 0 0 0 0 0 0 0 0 0 0 0 0 0 0 0 0 0 0 0 0 0 0 0 0 0 0 0 0 0 0 0 0 0 0 0 0 0 0 0 0 0 
0.646465 -0.305766 0.364941 -3.27067 0.0187376 1 0 0 0 0 0 0 0 0 0 0 0 0 0 0 0 0 0 0 0 0 0 0 0 0 0 0 0 0 0 0 0 0 0 0 0 0 0 0 0 0 0 0 0 0 0 0 0 0 0 0 0 0 0 0 0 0 0 0 0 0 0 0 0 0 0 0 0 0 0 0 0 0 0 0 0 0 0 0 0 0 0 0 0 0 0 0 0 0 0 0 0 0 0 0 
0.818182 0.112689 -0.0412044 -4.64389 0.596318 0.890343 1 0 0 0 0 0 0 0 0 0 0 0 0 0 0 0 0 0 0 0 0 0 0 0 0 0 0 0 0 0 0 0 0 0 0 0 0 0 0 0 0 0 0 0 0 0 0 0 0 0 0 0 0 0 0 0 0 0 0 0 0 0 0 0 0 0 0 0 0 0 0 0 0 0 0 0 0 0 0 0 0 0 0 0 0 0 0 0 0 0 0 0 0 0 
0.181818 -0.185606 0.067866 -0.718014 0.0568191 0.0898204 1.05972 1 0 0 0 0 0 0 0 0 0 0 0 0 0 0 0 0 0 0 0 0 0 0 0 0 0 0 0 0 0 0 0 0 0 0 0 0 0 0 0 0 0 0 0 0 0 0 0 0 0 0 0 0 0 0 0 0 0 0 0 0 0 0 0 0 0 0 0 0 0 0 0 0 0 0 0 0 0 0 0 0 0 0 0 0 0 0 0 0 0 0 0 0 
0.0707071 0.0424032 0.209508 0.322399 0.231172 -0.169146 0.348307 0.0231116 1 0 0 0 0 0 0 0 0 0 0 0 0 0 0 0 0 0 0 0 0 0 0 0 0 0 0 0 0 0 0 0 0 0 0 0 0 0 0 0 0 0 0 0 0 0 0 0 0 0 0 0 0 0 0 0 0 0 0 0 0 0 0 0 0 0 0 0 0 0 0 0 0 0 0 0 0 0 0 0 0 0 0 0 0 0 0 0 0 0 0 0 
0.79798 0.143729 0.800619 -3.45485 0.042621 0.364564 -0.587731 0.00243272 -1.34291 1 0 0 0 0 0 0 0 0 0 0 0 0 0 0 0 0 0 0 0 0 0 0 0 0 0 0 0 0 0 0 0 0 0 0 0 0 0 0 0 0 0 0 0 0 0 0 0 0 0 0 0 0 0 0 0 0 0 0 0 0 0 0 0 0 0 0 0 0 0 0 0 0 0 0 0 0 0 0 0 0 0 0 0 0 0 0 0 0 0 0 
0.575758 -0.431503 0.223406 -1.43817 0.112685 0.134284 -0.0650783 -0.152478 1.12323 0.0931226 1 0 0 0 0 0 0 0 0 0 0 0 0 0 0 0 0 0 0 0 0 0 0 0 0 0 0 0 0 0 0 0 0 0 0 0 0 0 0 0 0 0 0 0 0 0 0 0 0 0 0 0 0 0 0 0 0 0 0 0 0 0 0 0 0 0 0 0 0 0 0 0 0 0 0 0 0 0 0 0 0 0 0 0 0 0 0 0 0 0 
0.010101 0.468855 0.53173 -1.28147 -0.116111 0.186411 0.297157 0.177881 -0.588098 0.450426 -0.408533 1 0 0 0 0 0 0 0 0 0 0 0 0 0 0 0 0 0 0 0 0 0 0 0 0 0 0 0 0 0 0 0 0 0 0 0 0 0 0 0 0 0 0 0 0 0 0 0 0 0 0 0 0 0 0 0 0 0 0 0 0 0 0 0 0 0 0 0 0 0 0 0 0 0 0 0 0 0 0 0 0 0 0 0 0 0 0 0 0 
0 0.645833 0.204504 3.00103 -0.0738199 -0.0664787 -1.51721 -0.288299 -1.42348 0.377541 -2.29303 -2.02501 1 0 0 0 0 0 0 0 0 0 0 0 0 0 0 0 0 0 0 0 0 0 0 0 0 0 0 0 0 0 0 0 0 0 0 0 0 0 0 0 0 0 0 0 0 0 0 0 0 0 0 0 0 0 0 0 0 0 0 0 0 0 0 0 0 0 0 0 0 0 0 0 0 0 0 0 0 0 0 0 0 0 0 0 0 0 0 0 
0.323232 -0.059133 0.0216217 -1.68014 0.0557628 0.606733 0.720614 1.28772 -1.17753 -0.293205 -0.303963 -0.426116 -0.0913439 1 0 0 0 0 0 0 0 0 0 0 0 0 0 0 0 0 0 0 0 0 0 0 0 0 0 0 0 0 0 0 0 0 0 0 0 0 0 0 0 0 0 0 0 0 0 0 0 0 0 0 0 0 0 0 0 0 0 0 0 0 0 0 0 0 0 0 0 0 0 0 0 0 0 0 0 0 0 0 0 0 0 0 0 0 0 0 
0 0.75 0.138289 2.80804 0.486349 -0.473861 -0.334472 -0.624944 0.141316 0.243477 -1.03541 -1.36693 0.331295 0.0146025 1 0 0 0 0 0 0 0 0 0 0 0 0 0 0 0 0 0 0 0 0 0 0 0 0 0 0 0 0 0 0 0 0 0 0 0 0 0 0 0 0 0 0 0 0 0 0 0 0 0 0 0 0 0 0 0 0 0 0 0 0 0 0 0 0 0 0 0 0 0 0 0 0 0 0 0 0 0 0 0 0 0 0 0 0 0 
0.424242 -0.318497 0.163335 -0.940132 0.187203 0.0690872 0.327659 0.546458 -0.476104 0.0101391 0.511521 0.707957 -0.239584 0.376965 -1.61884 1 0 0 0 0 0 0 0 0 0 0 0 0 0 0 0 0 0 0 0 0 0 0 0 0 0 0 0 0 0 0 0 0 0 0 0 0 0 0 0 0 0 0 0 0 0 0 0 0 0 0 0 0 0 0 0 0 0 0 0 0 0 0 0 0 0 0 0 0 0 0 0 0 0 0 0 0 0 0 0 0 0 0 0 0 
0.656566 -0.649411 0.237454 -1.15329 0.198802 0.192693 -0.453678 0.974869 -1.20055 -0.140701 -0.320394 -0.132695 -0.125398 0.40204 -0.0787579 0.697001 1 0 0 0 0 0 0 0 0 0 0 0 0 0 0 0 0 0 0 0 0 0 0 0 0 0 0 0 0 0 0 0 0 0 0 0 0 0 0 0 0 0 0 0 0 0 0 0 0 0 0 0 0 0 0 0 0 0 0 0 0 0 0 0 0 0 0 0 0 0 0 0 0 0 0 0 0 0 0 0 0 0 0 0 
0 0.708333 0.669178 0.189268 -0.161817 0.0407684 -0.849487 -0.638514 0.203662 0.111258 0.888275 1.22554 -0.344684 -0.336027 -3.01028 -0.137217 -0.817736 1 0 0 0 0 0 0 0 0 0 0 0 0 0 0 0 0 0 0 0 0 0 0 0 0 0 0 0 0 0 0 0 0 0 0 0 0 0 0 0 0 0 0 0 0 0 0 0 0 0 0 0 0 0 0 0 0 0 0 0 0 0 0 0 0 0 0 0 0 0 0 0 0 0 0 0 0 0 0 0 0 0 0 
0.515152 -0.286301 0.19844 -2.46178 0.219974 0.763898 0.0986269 -0.044347 0.38153 0.205901 -0.177249 -1.00433 0.277485 -0.0468979 0.707213 -0.170895 0.253103 0.133366 1 0 0 0 0 0 0 0 0 0 0 0 0 0 0 0 0 0 0 0 0 0 0 0 0 0 0 0 0 0 0 0 0 0 0 0 0 0 0 0 0 0 0 0 0 0 0 0 0 0 0 0 0 0 0 0 0 0 0 0 0 0 0 0 0 0 0 0 0 0 0 0 0 0 0 0 0 0 0 0 0 0 
1 -0.40625 0.832957 -5.37843 0.458613 0.778788 0.242831 -0.14337 -0.505094 0.322564 0.872887 0.35241 -0.317237 0.266732 -0.353781 0.854055 0.542233 0.154879 0.999022 1 0 0 0 0 0 0 0 0 0 0 0 0 0 0 0 0 0 0 0 0 0 0 0 0 0 0 0 0 0 0 0 0 0 0 0 0 0 0 0 0 0 0 0 0 0 0 0 0 0 0 0 0 0 0 0 0 0 0 0 0 0 0 0 0 0 0 0 0 0 0 0 0 0 0 0 0 0 0 0 0 
0.757576 -0.481692 0.448019 1.60492 0.810844 -0.259248 -2.04877 -1.26471 0.176406 -0.283298 -0.840554 0.344072 0.249137 -0.0240136 -1.00245 -2.18687 -1.52142 0.491819 5.53317 -0.0864289 1 0 0 0 0 0 0 0 0 0 0 0 0 0 0 0 0 0 0 0 0 0 0 0 0 0 0 0 0 0 0 0 0 0 0 0 0 0 0 0 0 0 0 0 0 0 0 0 0 0 0 0 0 0 0 0 0 0 0 0 0 0 0 0 0 0 0 0 0 0 0 0 0 0 0 0 0 0 0 0 
0.353535 0.441183 -0.114439 -0.391476 0.415987 0.145454 0.538576 0.353092 -1.37901 0.28968 -1.31293 -1.71069 0.612454 0.697024 0.468252 -0.0777442 -0.517398 -0.00754242 -3.21626 -0.641549 -0.762849 1 0 0 0 0 0 0 0 0 0 0 0 0 0 0 0 0 0 0 0 0 0 0 0 0 0 0 0 0 0 0 0 0 0 0 0 0 0 0 0 0 0 0 0 0 0 0 0 0 0 0 0 0 0 0 0 0 0 0 0 0 0 0 0 0 0 0 0 0 0 0 0 0 0 0 0 0 0 0 
0.282828 0.0758628 0.891063 -1.52591 0.109893 0.412256 0.129206 -0.970237 0.837831 0.124907 0.444797 0.648797 -0.172545 -0.343701 -0.254906 0.448358 -0.10545 -0.113701 1.39397 0.848176 0.412525 -0.0281979 1 0 0 0 0 0 0 0 0 0 0 0 0 0 0 0 0 0 0 0 0 0 0 0 0 0 0 0 0 0 0 0 0 0 0 0 0 0 0 0 0 0 0 0 0 0 0 0 0 0 0 0 0 0 0 0 0 0 0 0 0 0 0 0 0 0 0 0 0 0 0 0 0 0 0 0 0 0 
0.0505051 0.583859 -0.0728527 2.86566 0.570545 -0.474555 -1.34248 -0.369326 -1.12959 -0.0209148 -1.19543 -1.51391 0.412017 0.411895 -0.543981 0.0642683 -0.229005 0.32029 -1.65158 -0.417699 -0.317406 0.995556 -0.0544752 1 0 0 0 0 0 0 0 0 0 0 0 0 0 0 0 0 0 0 0 0 0 0 0 0 0 0 0 0 0 0 0 0 0 0 0 0 0 0 0 0 0 0 0 0 0 0 0 0 0 0 0 0 0 0 0 0 0 0 0 0 0 0 0 0 0 0 0 0 0 0 0 0 0 0 0 0 
0 0.9375 -0.080278 3.99403 0.266182 -0.956599 -0.508846 0.421235 -2.57766 0.202297 -2.36733 -0.428004 0.683726 0.586216 -0.954439 -1.20004 -1.12084 0.34695 0.167126 -0.573677 -0.0061048 -0.0207989 -0.459412 -0.628901 1 0 0 0 0 0 0 0 0 0 0 0 0 0 0 0 0 0 0 0 0 0 0 0 0 0 0 0 0 0 0 0 0 0 0 0 0 0 0 0 0 0 0 0 0 0 0 0 0 0 0 0 0 0 0 0 0 0 0 0 0 0 0 0 0 0 0 0 0 0 0 0 0 0 0 0 
0.30303 -0.0801768 0.751232 -1.13854 -0.104225 0.314226 0.150681 -0.0249863 0.883373 0.401901 -0.127531 -0.849176 0.153578 -0.277616 2.31319 0.672789 1.43883 -0.349503 -0.772371 0.310518 -0.247537 -1.02608 -0.0216032 -1.50893 -0.41866 1 0 0 0 0 0 0 0 0 0 0 0 0 0 0 0 0 0 0 0 0 0 0 0 0 0 0 0 0 0 0 0 0 0 0 0 0 0 0 0 0 0 0 0 0 0 0 0 0 0 0 0 0 0 0 0 0 0 0 0 0 0 0 0 0 0 0 0 0 0 0 0 0 0 0 
0.737374 -0.273569 0.400046 -1.08644 0.418699 -0.107616 0.171263 0.112254 -0.906372 0.758003 -0.132511 -1.64715 0.155814 0.373477 2.71606 -0.426896 0.285741 -0.316039 -1.24172 -0.17029 -0.201921 0.394436 0.749542 -0.726446 -0.387484 0.909855 1 0 0 0 0 0 0 0 0 0 0 0 0 0 0 0 0 0 0 0 0 0 0 0 0 0 0 0 0 0 0 0 0 0 0 0 0 0 0 0 0 0 0 0 0 0 0 0 0 0 0 0 0 0 0 0 0 0 0 0 0 0 0 0 0 0 0 0 0 0 0 0 0 0 
0 0 0.206262 4.02177 -0.0610017 -0.673677 -1.12202 0.371426 -1.59539 -0.230155 -1.53003 0.0145505 0.489163 0.536742 -1.48852 -0.323756 -0.463405 0.507616 0.596578 -0.154412 -0.0947756 -0.115134 -0.265978 -0.852075 0.0823259 0.397179 -0.197569 1 0 0 0 0 0 0 0 0 0 0 0 0 0 0 0 0 0 0 0 0 0 0 0 0 0 0 0 0 0 0 0 0 0 0 0 0 0 0 0 0 0 0 0 0 0 0 0 0 0 0 0 0 0 0 0 0 0 0 0 0 0 0 0 0 0 0 0 0 0 0 0 0 
0 0 0 4.64706 0.546079 -0.572484 -1.80384 0.422076 -1.69151 -0.722533 -1.40112 -1.00407 0.148481 0.931296 -1.2666 0.653433 0.416196 0.0826562 1.04674 -0.375802 0.207734 -0.401123 -0.962059 0.261537 0.384398 -0.722632 -0.544334 -1.80841 1 0 0 0 0 0 0 0 0 0 0 0 0 0 0 0 0 0 0 0 0 0 0 0 0 0 0 0 0 0 0 0 0 0 0 0 0 0 0 0 0 0 0 0 0 0 0 0 0 0 0 0 0 0 0 0 0 0 0 0 0 0 0 0 0 0 0 0 0 0 0 0 
0.69697 0.184343 0.485752 -2.91424 0.363711 0.726417 -0.191611 -0.74071 0.373886 0.310517 0.23766 -0.798418 0.0388384 0.233157 0.474839 -0.558409 -0.433887 0.130096 1.34323 0.0628543 0.233401 0.615067 0.0304712 1.16434 0.58132 -0.426211 -0.189881 0.0447495 -0.205754 1 0 0 0 0 0 0 0 0 0 0 0 0 0 0 0 0 0 0 0 0 0 0 0 0 0 0 0 0 0 0 0 0 0 0 0 0 0 0 0 0 0 0 0 0 0 0 0 0 0 0 0 0 0 0 0 0 0 0 0 0 0 0 0 0 0 0 0 0 0 0 
0.525253 -0.046612 0.879592 2.37262 -0.156092 -0.510883 -0.683451 -0.0363334 -0.545218 -0.107205 -0.971492 1.21143 0.452875 -0.235816 -1.61898 -1.26809 -1.43862 0.111287 2.52175 -0.479942 0.578345 -0.558646 0.285243 -1.22856 -0.00813216 0.365752 0.05531 0.120908 0.0260188 -5.74172 1 0 0 0 0 0 0 0 0 0 0 0 0 0 0 0 0 0 0 0 0 0 0 0 0 0 0 0 0 0 0 0 0 0 0 0 0 0 0 0 0 0 0 0 0 0 0 0 0 0 0 0 0 0 0 0 0 0 0 0 0 0 0 0 0 0 0 0 0 0 
0.979798 -0.65646 0.783812 -4.7895 0.0401379 0.926525 0.91634 -0.321119 1.60145 0.606619 1.46639 -0.293501 -0.351619 -0.521642 2.30466 -0.0982223 0.861811 -0.154375 2.15235 0.291677 0.283814 -0.898603 -0.16995 -0.618286 0.23629 0.489374 0.0379677 0.0816633 -0.24249 2.61649 0.273619 1 0 0 0 0 0 0 0 0 0 0 0 0 0 0 0 0 0 0 0 0 0 0 0 0 0 0 0 0 0 0 0 0 0 0 0 0 0 0 0 0 0 0 0 0 0 0 0 0 0 0 0 0 0 0 0 0 0 0 0 0 0 0 0 0 0 0 0 0 
0 0.59375 0.607944 -0.0331867 -0.218636 0.189413 -0.511001 -0.196133 -0.300082 0.169204 -0.433529 0.386883 0.0270743 -0.154588 -0.400597 0.879146 0.749071 0.000750685 0.991676 0.638665 0.179163 -0.62363 0.0365887 -0.370305 -0.364917 0.19045 0.099298 0.0829506 0.111517 -4.44441 0.431643 -0.0811091 1 0 0 0 0 0 0 0 0 0 0 0 0 0 0 0 0 0 0 0 0 0 0 0 0 0 0 0 0 0 0 0 0 0 0 0 0 0 0 0 0 0 0 0 0 0 0 0 0 0 0 0 0 0 0 0 0 0 0 0 0 0 0 0 0 0 0 0 
1 -0.53125 0.194249 0.380041 0.934672 -0.220449 -1.39474 -0.315448 -1.44924 -0.228343 -0.756433 -0.560967 0.0240557 0.846717 -0.279336 0.256778 0.224718 0.0611046 1.75208 0.386327 0.156656 0.188508 -0.34781 0.327505 0.274091 -0.563304 -0.467108 -0.847578 0.383408 0.312143 -0.157521 -0.767281 -0.528771 1 0 0 0 0 0 0 0 0 0 0 0 0 0 0 0 0 0 0 0 0 0 0 0 0 0 0 0 0 0 0 0 0 0 0 0 0 0 0 0 0 0 0 0 0 0 0 0 0 0 0 0 0 0 0 0 0 0 0 0 0 0 0 0 0 0 0 
0.131313 -0.134049 0.714677 -0.959014 0.183112 0.59001 -0.851199 -0.296371 -0.369491 -0.0994996 -1.09754 0.381493 0.272423 -0.105118 -1.71426 0.134961 -0.200905 0.210502 2.26277 0.222375 0.433896 -0.800043 -0.180231 -0.43872 -0.194072 0.204789 -0.418864 -0.0993447 0.155127 -2.02659 0.358636 0.279937 0.34369 -0.283699 1 0 0 0 0 0 0 0 0 0 0 0 0 0 0 0 0 0 0 0 0 0 0 0 0 0 0 0 0 0 0 0 0 0 0 0 0 0 0 0 0 0 0 0 0 0 0 0 0 0 0 0 0 0 0 0 0 0 0 0 0 0 0 0 0 0 
0.191919 -0.195918 0.531037 1.42694 -0.0758917 0.131422 -1.33022 0.182781 -0.893723 -0.400033 -0.416653 -0.204155 -0.142206 0.658862 -1.06971 0.333663 0.340763 0.421562 -0.448503 -0.329246 -0.102888 0.492594 -0.0619326 0.415535 0.00713878 -0.363753 -0.315112 -0.050079 0.0675972 2.54424 -0.239477 -0.373919 -0.322463 0.82928 -1.2714 1 0 0 0 0 0 0 0 0 0 0 0 0 0 0 0 0 0 0 0 0 0 0 0 0 0 0 0 0 0 0 0 0 0 0 0 0 0 0 0 0 0 0 0 0 0 0 0 0 0 0 0 0 0 0 0 0 0 0 0 0 0 0 0 0 
0.232323 -0.237163 0.264853 -0.8746 0.151731 0.075541 -0.116576 0.820546 -0.708618 0.346824 0.119307 -0.860705 0.0823132 0.343919 0.521344 0.055915 0.334915 0.116588 -1.14083 -0.253995 -0.342627 0.0174789 -0.228473 -0.18775 0.423582 -0.325108 -0.286919 -0.581244 0.26764 2.83271 -0.605736 -0.821637 -1.5349 0.206956 0.0813871 -1.35519 1 0 0 0 0 0 0 0 0 0 0 0 0 0 0 0 0 0 0 0 0 0 0 0 0 0 0 0 0 0 0 0 0 0 0 0 0 0 0 0 0 0 0 0 0 0 0 0 0 0 0 0 0 0 0 0 0 0 0 0 0 0 0 0 
0.313131 -0.319655 0.220011 1.68607 0.0673542 -0.360042 -0.923721 0.295061 -1.53972 0.293754 -1.22157 -0.70266 0.428994 0.263418 0.509667 -0.313541 0.298619 0.188437 0.0500953 0.077682 -0.0154862 0.244982 0.297193 -0.351629 -0.0770517 0.839759 0.404959 0.894929 -0.549748 1.88396 -0.10269 0.116019 -0.059982 0.746191 -0.082653 0.464331 -0.395582 1 0 0 0 0 0 0 0 0 0 0 0 0 0 0 0 0 0 0 0 0 0 0 0 0 0 0 0 0 0 0 0 0 0 0 0 0 0 0 0 0 0 0 0 0 0 0 0 0 0 0 0 0 0 0 0 0 0 0 0 0 0 0 
0.111111 0.251157 0.0769249 4.65595 0.372206 -0.811698 -0.703962 -0.15278 -0.183546 -0.174048 -1.50557 -0.232103 0.537034 -0.174815 -1.57838 -1.4607 -1.73293 0.168347 0.664099 -0.465953 0.369787 -0.407944 0.547078 -1.58197 -0.872789 0.786214 0.654757 -0.278379 0.248242 -1.9078 -0.197297 -1.17979 -1.01559 0.301633 0.655056 -0.854844 0.673756 0.526916 1 0 0 0 0 0 0 0 0 0 0 0 0 0 0 0 0 0 0 0 0 0 0 0 0 0 0 0 0 0 0 0 0 0 0 0 0 0 0 0 0 0 0 0 0 0 0 0 0 0 0 0 0 0 0 0 0 0 0 0 0 0 
0 0.541667 0.711368 -0.312964 0.412583 -0.189163 -0.625373 -0.482487 -0.52991 0.723097 -0.873806 -0.6983 0.300627 -0.0913055 1.23146 -0.507866 0.144416 -0.12189 0.538257 -0.135036 0.120042 -0.337881 0.130344 -0.76684 0.0252849 0.686859 0.327839 -0.321635 -0.105982 0.924142 -0.019659 0.440174 0.082631 -0.469544 0.0950218 -0.0737902 0.27569 0.332384 0.0843321 1 0 0 0 0 0 0 0 0 0 0 0 0 0 0 0 0 0 0 0 0 0 0 0 0 0 0 0 0 0 0 0 0 0 0 0 0 0 0 0 0 0 0 0 0 0 0 0 0 0 0 0 0 0 0 0 0 0 0 0 0 
0.555556 -0.358796 0.140568 0.841464 0.615483 0.00274375 0.0826933 -0.439112 -0.366948 -0.312785 -0.951557 -0.291516 0.285753 0.48001 -0.527178 -0.306996 -0.928163 0.00065456 1.49349 0.348851 0.34573 0.185589 0.862297 -0.605735 0.0401962 0.505913 0.565317 0.916081 -0.373496 -2.93813 0.437142 -0.0487449 0.51094 0.185487 -0.102785 0.665657 -0.638976 0.234176 0.531312 2.21519 1 0 0 0 0 0 0 0 0 0 0 0 0 0 0 0 0 0 0 0 0 0 0 0 0 0 0 0 0 0 0 0 0 0 0 0 0 0 0 0 0 0 0 0 0 0 0 0 0 0 0 0 0 0 0 0 0 0 0 0 
0.333333 -0.340278 0.799459 0.765572 -0.0389826 -0.0474008 -1.15301 0.415408 -1.82273 0.0998067 -0.464605 0.269757 -0.0184386 0.637709 -1.51592 1.04486 0.36868 -0.0197014 -1.12844 -0.268397 -0.24059 -0.167179 -0.0691941 -0.9864 -0.367582 0.275728 -0.0696053 -0.75957 0.363969 -3.22039 0.358893 -0.728691 -0.504431 0.303947 0.39029 -0.264862 0.817663 0.111932 0.341949 -0.316523 -0.424903 1 0 0 0 0 0 0 0 0 0 0 0 0 0 0 0 0 0 0 0 0 0 0 0 0 0 0 0 0 0 0 0 0 0 0 0 0 0 0 0 0 0 0 0 0 0 0 0 0 0 0 0 0 0 0 0 0 0 0 
0.474747 -0.432555 0.823824 1.78358 0.556948 -0.0150574 -1.64513 -1.16439 -0.329601 -0.456154 -1.73631 -0.0884367 0.753337 0.167118 -1.3591 -0.366658 -0.953967 0.0105277 3.25687 0.502003 0.467336 -0.0178438 0.221338 -0.545711 -0.0271303 0.174876 0.128669 0.394504 -0.0331 -6.20644 0.689126 -0.45147 0.17833 -0.323864 0.34013 -0.17443 0.173757 -0.0203256 0.239333 0.306468 -0.0291428 0.429451 1 0 0 0 0 0 0 0 0 0 0 0 0 0 0 0 0 0 0 0 0 0 0 0 0 0 0 0 0 0 0 0 0 0 0 0 0 0 0 0 0 0 0 0 0 0 0 0 0 0 0 0 0 0 0 0 0 0 
0 0.479167 -0.175205 3.93288 0.24875 -0.60595 -1.38258 -0.482874 0.358367 0.138786 -0.33662 -0.979367 0.0732025 -0.0658049 -0.297034 0.993226 0.465798 -0.285811 -1.46156 -0.00425595 -0.134968 -0.578897 -0.0264105 -0.937648 -0.70936 0.363511 0.194792 -1.33599 0.410623 -0.682308 -0.39727 -0.928729 -0.844677 -0.210194 1.14366 -1.23159 0.776216 0.639865 0.807216 0.457309 -0.0453263 0.707056 -1.21078 1 0 0 0 0 0 0 0 0 0 0 0 0 0 0 0 0 0 0 0 0 0 0 0 0 0 0 0 0 0 0 0 0 0 0 0 0 0 0 0 0 0 0 0 0 0 0 0 0 0 0 0 0 0 0 0 0 
0 0.958333 0.455885 0.378658 0.324946 -0.00107676 -0.520242 -0.681842 0.0456472 -0.154402 -0.390785 -0.0736224 0.199653 0.362683 -1.49125 -0.731854 -1.13885 0.391104 -0.186966 -0.135076 0.035012 0.577891 -0.127445 0.602821 0.176345 -0.0890957 -0.32695 0.316833 -0.164737 -1.30635 -0.0351776 -0.709789 -0.526797 -0.394445 0.0502066 -0.458193 0.747621 -0.195413 0.280632 1.34814 0.386156 -0.0504726 0.347503 -0.330344 1 0 0 0 0 0 0 0 0 0 0 0 0 0 0 0 0 0 0 0 0 0 0 0 0 0 0 0 0 0 0 0 0 0 0 0 0 0 0 0 0 0 0 0 0 0 0 0 0 0 0 0 0 0 0 0 
0.121212 0.813763 0.593126 0.45598 0.428984 -0.404156 -0.000583519 -1.42438 1.13559 0.115272 0.15127 0.554769 0.0746195 -0.408368 -0.553202 -0.689187 -0.848501 0.39629 0.394846 0.461466 0.0468876 -0.103897 0.280927 -0.575518 0.0384274 0.688983 0.0108034 0.608532 -0.326709 1.48393 0.0166393 0.373587 0.126216 0.00652167 0.523298 0.351175 0.0152608 0.217711 -0.0348058 0.543065 0.29143 -0.370572 -3.10781 -0.899414 -0.374014 1 0 0 0 0 0 0 0 0 0 0 0 0 0 0 0 0 0 0 0 0 0 0 0 0 0 0 0 0 0 0 0 0 0 0 0 0 0 0 0 0 0 0 0 0 0 0 0 0 0 0 0 0 0 0 
0.393939 0.524937 -0.191941 2.18017 0.479533 -0.742014 -0.771148 -0.65469 -0.00159208 0.557968 -0.560347 -0.39751 0.389503 -0.194618 0.276704 -0.0482331 -0.0895142 -0.101603 1.73644 0.433951 0.328276 -0.612712 -0.0760057 -0.654338 0.163393 0.288456 0.100859 -0.598653 0.245842 0.19585 -0.220884 -0.135002 -0.119216 -0.0334818 1.21833 -0.445759 -0.102966 -0.0375254 -0.405976 -1.44503 -0.784022 -0.0878364 -0.01397 -0.70794 -0.990847 0.681321 1 0 0 0 0 0 0 0 0 0 0 0 0 0 0 0 0 0 0 0 0 0 0 0 0 0 0 0 0 0 0 0 0 0 0 0 0 0 0 0 0 0 0 0 0 0 0 0 0 0 0 0 0 0 
0.505051 -0.515572 0.188517 3.77022 0.638003 -0.869713 -1.11036 -0.706979 -0.147669 -0.27707 -0.662533 -0.670363 0.531755 -0.0186216 0.297323 -0.385931 -0.421474 0.0582279 1.11062 -0.378455 -0.116728 0.407174 -0.495027 0.131775 0.392763 -0.284172 -0.30651 -0.158336 0.369094 -4.01676 0.647045 -0.0956512 -0.0425161 -0.154694 -0.590437 -0.452505 0.223943 -0.748184 -0.643566 0.499815 0.522764 0.0375849 -0.887818 -0.57318 -0.747658 0.746234 -0.122625 1 0 0 0 0 0 0 0 0 0 0 0 0 0 0 0 0 0 0 0 0 0 0 0 0 0 0 0 0 0 0 0 0 0 0 0 0 0 0 0 0 0 0 0 0 0 0 0 0 0 0 0 0 
0.020202 0.541877 0.401899 1.86708 0.13683 -0.445916 -0.36479 -0.902554 0.806417 -0.0152181 0.359002 0.161051 0.0512987 -0.117932 -1.00859 -0.10909 -0.590557 0.529224 -0.937131 0.436969 -0.330638 0.0907023 0.649331 -1.09355 0.101407 0.219925 0.129405 0.599932 -0.098306 0.62143 -0.346586 -0.608766 -0.25305 0.467246 -0.59885 -0.102061 -0.0533855 -0.407741 0.213323 0.481473 0.514235 -0.506737 1.31899 0.510673 -0.569568 -0.492267 -0.651126 0.0112241 1 0 0 0 0 0 0 0 0 0 0 0 0 0 0 0 0 0 0 0 0 0 0 0 0 0 0 0 0 0 0 0 0 0 0 0 0 0 0 0 0 0 0 0 0 0 0 0 0 0 0 0 
0.505051 -0.515572 0.676044 2.16926 0.908084 -0.457009 -1.54356 -1.47813 1.41628 -0.443298 -0.520868 -0.477372 0.507663 -0.406846 -0.183989 -2.11147 -1.4249 0.544104 5.12874 0.115264 0.757635 0.034103 -0.100804 0.449945 0.399801 -0.460713 -0.501929 0.257306 0.0487455 -1.08203 0.315177 -0.115606 -0.267732 0.548574 -0.567801 -0.259231 -0.0432577 -0.592429 -0.468397 0.240251 0.724011 -0.614436 0.384701 0.223385 -0.2921 0.196998 0.000681602 0.19251 -0.091312 1 0 0 0 0 0 0 0 0 0 0 0 0 0 0 0 0 0 0 0 0 0 0 0 0 0 0 0 0 0 0 0 0 0 0 0 0 0 0 0 0 0 0 0 0 0 0 0 0 0 0 
0.30303 -0.309343 0.131861 2.73042 0.0891528 -0.263467 -1.43702 0.589812 -2.38293 -0.31045 -1.50167 -0.648171 0.303847 0.871955 -0.899145 0.722878 0.195374 -0.0976086 -0.774276 -0.0110986 -0.140333 0.329915 -0.0802421 0.238995 -0.202305 -0.426102 -0.0601856 -0.563672 0.310787 -5.25068 0.599111 -0.645275 0.248241 0.684217 -0.00715297 0.159132 -0.00891256 0.399979 0.253017 0.404192 0.149851 0.786667 -0.44407 -0.0636392 0.15141 -0.111141 -0.359478 0.183109 -0.510772 -7.2978 1 0 0 0 0 0 0 0 0 0 0 0 0 0 0 0 0 0 0 0 0 0 0 0 0 0 0 0 0 0 0 0 0 0 0 0 0 0 0 0 0 0 0 0 0 0 0 0 0 0 
0.69697 0.13226 -0.0483603 0.931214 0.232551 -0.412955 0.18745 0.813031 -1.89909 0.128247 -0.312316 0.171184 -0.0935375 0.65132 -0.630289 0.204487 -0.0328874 0.0856501 1.77013 0.256146 0.300355 -0.424913 0.201568 -0.974147 0.854062 -0.279135 0.265026 -0.692664 0.68907 0.274914 -0.284563 -0.621165 -0.42354 0.169217 0.322937 -0.49964 0.485079 -0.490302 -0.0108481 -2.04503 -0.758245 0.00643351 -0.72613 0.145589 -0.170181 0.157522 0.198389 -0.143331 0.0852007 2.09666 -0.355706 1 0 0 0 0 0 0 0 0 0 0 0 0 0 0 0 0 0 0 0 0 0 0 0 0 0 0 0 0 0 0 0 0 0 0 0 0 0 0 0 0 0 0 0 0 0 0 0 0 
0.363636 0.243371 0.117274 0.610904 0.241102 0.00665123 -0.581789 0.450487 -0.685913 0.0212784 -0.942364 -0.526701 0.38535 0.208667 -1.33611 -0.0951544 -0.219656 0.371883 0.376064 -0.356582 0.101257 0.00124944 -0.607681 0.59464 0.0309921 -0.198636 -0.0260859 -0.329661 0.053418 -3.44532 0.402653 0.282464 0.264599 -0.67386 1.01895 -1.05569 0.513079 0.326454 -0.0225882 -0.772558 -0.22798 0.0831347 -0.998696 0.63647 0.721239 -0.351066 -0.412695 -0.139433 -0.135361 -4.91471 0.657433 -5.50237 1 0 0 0 0 0 0 0 0 0 0 0 0 0 0 0 0 0 0 0 0 0 0 0 0 0 0 0 0 0 0 0 0 0 0 0 0 0 0 0 0 0 0 0 0 0 0 0 
0.0606061 0.011048 0.117842 2.44292 -0.0394285 0.0196627 -0.485313 0.489007 -0.734198 -0.293126 -1.69701 -0.497236 0.540341 0.0132326 -1.10969 0.112603 -0.398385 -0.061867 -0.126331 -0.291678 0.0890844 -0.233246 -0.126218 -0.209029 -0.387345 0.00297694 0.0436381 -0.385698 0.104865 -3.56965 0.381459 -0.518863 -0.508169 -0.104019 0.386359 -0.489977 0.469331 0.488589 0.75437 0.931408 0.272186 0.237361 0.806673 0.373034 0.652321 -0.330492 -0.0608408 -0.245763 -0.124186 -7.401 1.06399 -4.08036 1.10947 1 0 0 0 0 0 0 0 0 0 0 0 0 0 0 0 0 0 0 0 0 0 0 0 0 0 0 0 0 0 0 0 0 0 0 0 0 0 0 0 0 0 0 0 0 0 0 
0.676768 -0.0242003 0.421372 -0.740361 -0.114595 0.385576 -0.13776 -0.257624 0.65396 0.227488 0.593795 -0.365257 -0.153549 0.18049 0.310821 -1.09714 -0.365243 0.614866 0.551962 -0.133969 0.0250559 0.100328 0.0755845 -0.288177 0.103034 0.0580109 0.0186044 -0.390828 0.17296 5.39918 -0.746516 -0.265662 -1.06247 0.977859 0.419031 -0.686403 0.225264 0.639325 -0.126918 -1.36775 -0.0798872 -0.140611 -2.80573 0.609039 -0.22118 -0.0299388 -0.587342 0.419983 -0.304462 -6.86327 0.79113 -8.62367 1.47983 -1.10487 1 0 0 0 0 0 0 0 0 0 0 0 0 0 0 0 0 0 0 0 0 0 0 0 0 0 0 0 0 0 0 0 0 0 0 0 0 0 0 0 0 0 0 0 0 0 
0.373737 -0.381524 0.139502 -1.47592 0.163871 0.231316 1.26614 0.485034 -0.00170809 -0.0567418 -0.368365 0.834225 0.278757 -0.244189 -0.427375 0.120623 -0.335794 -0.163316 1.31277 0.235836 0.0368735 -0.246564 0.152368 -0.926184 -0.272677 0.717168 0.366278 1.07311 -0.314267 -2.38303 0.491 0.0467837 0.285472 0.153245 -0.248732 0.271846 -0.281688 -0.304309 0.273618 0.125471 -0.076828 -0.520952 0.540879 -0.470837 -0.0734281 0.468716 0.597465 -0.104348 0.400207 17.4285 -2.45069 13.875 -2.27403 -0.101208 0.28639 1 0 0 0 0 0 0 0 0 0 0 0 0 0 0 0 0 0 0 0 0 0 0 0 0 0 0 0 0 0 0 0 0 0 0 0 0 0 0 0 0 0 0 0 0 
0.121212 0.813763 -0.175667 -1.9674 0.637523 0.309845 0.417108 0.386375 -1.25623 0.42776 -0.983044 -1.75589 0.461415 0.584009 1.47714 0.0656573 0.482822 -0.144016 0.157249 0.0760528 -0.115692 0.353818 -0.243532 0.546447 0.347406 0.486445 -0.211342 0.447556 -0.465922 -0.620919 0.344284 0.560592 0.39819 -0.493591 -0.00310266 0.567483 -0.350177 -0.154659 -0.429604 1.81179 0.251794 -0.0968835 -0.471132 -1.00165 0.193137 0.515235 0.58913 0.204916 -0.67891 10.6406 -1.40957 7.11581 -1.54442 -0.44126 -0.464026 -0.38643 1 0 0 0 0 0 0 0 0 0 0 0 0 0 0 0 0 0 0 0 0 0 0 0 0 0 0 0 0 0 0 0 0 0 0 0 0 0 0 0 0 0 0 0 
0.525253 -0.536195 0.833593 -2.55244 -0.0244066 0.771939 -0.701278 -0.504118 1.1863 0.175141 0.74937 0.0772831 -0.136 -0.562292 -0.602448 0.215806 0.343777 0.402315 0.857407 0.412503 0.227974 -0.12924 0.0972242 0.714032 -0.228563 -0.0623887 0.0872886 0.0218814 -0.284548 0.467465 -0.0172448 -0.00276246 -0.154606 0.129816 -0.128799 0.0567084 0.0948394 0.214546 0.00928537 0.643383 0.188859 -0.165341 0.357498 -0.531599 -0.0765229 0.255141 0.22563 -0.0638974 -0.153616 -3.86725 0.632855 2.72337 0.060462 0.943147 0.485191 0.222102 0.78332 1 0 0 0 0 0 0 0 0 0 0 0 0 0 0 0 0 0 0 0 0 0 0 0 0 0 0 0 0 0 0 0 0 0 0 0 0 0 0 0 0 0 0 
0.040404 -0.0412458 0.615115 -0.609606 0.767267 0.154307 -0.695023 -0.264986 -0.657358 0.022665 -0.606118 -1.40081 0.0418778 0.806859 -0.0559069 0.497912 0.26843 0.297584 -1.90685 0.415525 -0.425512 0.621694 0.274658 -0.00138657 -1.05738 0.722997 0.205208 0.521595 -0.359994 2.1139 -0.362888 -0.250259 -0.417658 0.577914 -0.10621 0.130956 0.142629 0.961405 0.530902 1.47646 0.679077 0.365568 -1.75985 0.638353 0.193037 0.0394726 -0.147239 -0.0572141 -0.212871 -3.55818 0.559894 0.602336 -0.238658 -0.383739 0.040419 -0.398489 0.552082 0.701575 1 0 0 0 0 0 0 0 0 0 0 0 0 0 0 0 0 0 0 0 0 0 0 0 0 0 0 0 0 0 0 0 0 0 0 0 0 0 0 0 0 0 
0 0.739583 -0.270425 1.78003 0.620957 -0.653038 -0.510735 -0.0287826 -1.35202 0.138897 -0.634658 -0.762505 0.170974 0.535455 0.240047 -0.489918 -0.385575 0.195021 1.32829 0.117321 0.0782434 0.481188 -0.36166 0.814906 0.963361 -0.39577 -0.452832 -0.102179 0.0993781 2.55042 -0.314389 -0.248598 -0.386811 0.264894 -0.239257 0.265853 -0.119165 -0.520582 -0.655602 -0.342221 -0.0772508 -0.566184 -0.884384 -0.716857 -0.237685 0.861818 0.855192 0.0374948 -0.157209 10.7635 -1.34151 8.54827 -1.78092 -0.0652911 -0.942852 -0.170904 0.32062 0.362755 0.0867252 1 0 0 0 0 0 0 0 0 0 0 0 0 0 0 0 0 0 0 0 0 0 0 0 0 0 0 0 0 0 0 0 0 0 0 0 0 0 0 0 0 
0.262626 0.742319 0.562996 1.2428 -0.474024 0.269721 -0.409677 0.712807 -1.34069 -0.204503 -1.27641 0.00996247 0.209593 0.472199 -1.63252 -1.07687 -1.16928 0.222228 -0.339411 -0.783402 0.189973 -0.162777 0.00258384 -0.432344 -0.100747 -0.451331 -0.00566883 -0.591586 0.286851 -2.34547 0.236407 -0.438788 -0.112863 0.349294 -0.404484 0.291639 -0.151688 0.643093 0.881773 1.41768 0.486124 -0.0196373 1.43155 0.770672 0.610229 -1.22643 -1.18667 -0.197089 0.606079 -9.67274 1.2486 -10.6255 2.07015 0.485568 0.336307 -0.556078 -0.0521157 -0.0386357 -0.361995 -0.169026 1 0 0 0 0 0 0 0 0 0 0 0 0 0 0 0 0 0 0 0 0 0 0 0 0 0 0 0 0 0 0 0 0 0 0 0 0 0 0 0 
0.878788 -0.647096 0.395992 -3.13903 0.150956 0.378969 -0.278271 -0.248064 0.692164 0.193033 2.16596 0.711278 -0.698588 0.139344 0.242028 0.192918 0.647015 0.331521 2.72747 0.62424 0.356088 0.134392 0.271815 0.520224 0.98743 -0.560533 -0.244719 0.0593925 0.0619318 4.96669 -0.469775 0.0271985 -0.15357 0.828212 -0.489644 0.181566 -0.133801 -0.736458 -0.600408 -1.75281 -0.679292 -0.387942 -0.531039 -0.289458 -0.59665 0.237676 0.367635 -0.34807 0.077799 12.9021 -1.76402 9.10948 -1.82811 -0.698438 -0.0536964 0.576815 -0.297074 -1.03548 0.540864 0.0888816 -1.71235 1 0 0 0 0 0 0 0 0 0 0 0 0 0 0 0 0 0 0 0 0 0 0 0 0 0 0 0 0 0 0 0 0 0 0 0 0 0 0 
0 0.572917 0.128035 3.36353 0.0543239 -0.159021 -1.17455 0.00625742 -1.80629 -0.167833 -1.92697 -0.602109 0.663767 0.315765 -2.40425 -0.347278 -1.04785 0.540973 0.0446596 -0.550709 0.0645298 0.563955 -0.00270336 0.38464 0.575466 -0.572094 -0.249541 -0.855347 0.434292 -1.42607 0.299717 -0.141404 -0.150172 0.208025 -0.0657054 -0.119487 0.260794 -0.0209354 0.35392 -0.376019 0.189694 -0.419538 -0.304326 0.257723 0.693982 -0.558243 -0.89163 -0.183298 0.196074 -4.67222 0.554837 -1.32958 0.539792 -0.049415 0.985154 0.835749 -0.46885 0.0260537 0.389722 -1.38571 -0.441573 0.570858 1 0 0 0 0 0 0 0 0 0 0 0 0 0 0 0 0 0 0 0 0 0 0 0 0 0 0 0 0 0 0 0 0 0 0 0 0 0 
0.757576 -0.0441919 0.559939 -3.78049 0.4082 0.514598 0.355633 0.461295 -0.514191 0.488924 0.491972 -0.935357 -0.286503 0.719641 1.32507 0.367082 0.73289 -0.235927 0.376042 0.11513 0.0389115 -0.395781 -0.43286 -0.186449 -0.209467 0.215637 -0.0675076 -0.522555 0.272356 1.22514 -0.0263975 0.543431 0.0997575 -0.472766 0.363126 -0.388654 -0.0478459 0.109539 0.271213 0.358302 -0.235582 0.33562 2.18601 0.322843 0.367432 -0.908781 -0.101074 -0.0740315 -0.354397 -0.0946076 -0.0617153 -2.78538 0.0139327 -0.867433 -0.246437 -0.659292 -0.253514 -0.595095 0.12552 0.00883475 0.621833 0.75725 0.322422 1 0 0 0 0 0 0 0 0 0 0 0 0 0 0 0 0 0 0 0 0 0 0 0 0 0 0 0 0 0 0 0 0 0 0 0 0 
0.848485 -0.418245 0.790465 -0.378863 0.259601 0.0126352 -1.33695 -0.889041 0.791137 0.105146 0.145667 0.221956 0.0370175 -0.132384 0.280271 -2.0543 -0.631416 0.734021 5.31145 0.48024 0.801318 -0.285508 0.472637 -0.729951 0.163668 0.545367 0.640559 0.572024 -0.282004 1.78454 -0.237408 -0.0737228 0.125327 0.527676 -0.76071 0.40687 0.017235 -0.0853642 -0.268496 -1.23131 -0.246147 -0.3451 -0.851834 -0.256952 -0.335392 0.552636 0.400955 -0.430925 -0.294375 7.14182 -0.798224 8.73545 -1.66311 -0.0183745 -0.351072 0.766234 0.226364 -0.0174516 0.112526 0.0929958 -1.63054 -0.0569358 -0.846652 0.679535 1 0 0 0 0 0 0 0 0 0 0 0 0 0 0 0 0 0 0 0 0 0 0 0 0 0 0 0 0 0 0 0 0 0 0 0 
0.646465 -0.0661827 0.417972 -0.556773 0.289824 -0.0674978 0.148884 0.201864 -1.07937 0.60284 -0.836318 -1.42622 0.334647 0.394191 1.68555 0.790953 0.888968 -0.21536 -0.832742 0.0315737 -0.420326 0.558674 -0.27919 0.344205 0.0965397 -0.0132707 0.139498 0.588693 -0.0765086 1.07379 -0.078726 0.112869 0.127229 0.0612634 -0.515025 0.0290224 -0.146965 -0.511886 -0.31884 -1.0956 -0.294889 -0.228437 -0.752348 0.0333876 -0.192704 0.171156 0.0306449 0.522672 -0.225884 6.85553 -1.09527 2.04208 -0.876267 -1.19655 -0.284446 0.00745198 -0.575768 -0.307567 0.39397 0.0597767 0.813111 0.263271 -0.0444211 0.937019 -0.168346 1 0 0 0 0 0 0 0 0 0 0 0 0 0 0 0 0 0 0 0 0 0 0 0 0 0 0 0 0 0 0 0 0 0 0 
0.828283 -0.845539 0.309167 -2.32978 0.851997 0.114 0.446894 -0.615272 1.15495 -0.0983332 0.500426 -0.0931459 0.212659 -0.32915 1.11711 -0.35028 -0.188097 -0.309278 1.80163 0.630267 0.0896907 -0.15421 0.508804 -1.05078 -0.423477 0.903496 0.319115 0.722653 -0.309749 -3.13775 0.391738 -0.0932982 0.0616938 -0.489147 0.0384443 -0.243142 0.353812 -0.423264 -0.0322402 1.17961 0.257452 0.180538 0.885958 -0.815714 -0.340226 0.613752 0.581794 -0.109295 -0.0661861 13.9762 -1.76028 15.315 -2.90928 -0.0705597 -0.591708 0.506771 0.458184 0.344772 0.135584 -0.072527 -1.17984 -0.0191267 -0.272894 -0.0125107 0.250996 -0.344605 1 0 0 0 0 0 0 0 0 0 0 0 0 0 0 0 0 0 0 0 0 0 0 0 0 0 0 0 0 0 0 0 0 0 
0.292929 0.232218 0.411993 3.20811 -0.218047 -0.215669 -1.2938 -0.0371401 -1.5141 -0.158966 -1.16433 0.623423 0.359902 0.261497 -2.92055 -1.12486 -1.58752 0.631845 3.23605 -0.473595 0.623877 -0.352559 -0.357227 -0.131411 0.809633 -0.542032 -0.281313 -0.379265 0.402855 -1.93217 0.296084 -0.0739715 -0.0531944 0.159393 0.621848 -0.542094 0.109051 -0.147016 -0.269191 -1.11922 -0.276572 0.0224935 0.749091 -0.0804342 -0.661987 -0.129421 -0.411687 0.629568 0.647707 -7.15281 0.802864 -9.7929 1.94116 -0.00406922 0.478645 -0.461606 -0.219098 0.221973 -0.240624 -0.484968 1.05758 -0.483546 0.22192 -0.487291 -0.480133 0.0672534 0.703133 1 0 0 0 0 0 0 0 0 0 0 0 0 0 0 0 0 0 0 0 0 0 0 0 0 0 0 0 0 0 0 0 0 
0.111111 0.542824 0.101536 2.18161 0.611291 -0.725578 0.114311 -0.32799 0.174121 -0.159271 -0.915425 0.883364 0.254747 -0.0268966 -1.61069 -1.42455 -1.58388 0.503495 3.28674 0.0340163 0.620513 -0.313675 -0.088863 -0.33937 0.38751 0.302324 0.0742503 0.826752 -0.353975 -0.755968 0.233252 0.116198 -0.0576395 0.0453146 -0.039547 0.305943 -0.212459 0.428929 -0.111903 1.28671 0.567695 -0.336437 -1.51365 -0.212974 0.0239634 0.651962 0.481134 0.240605 -0.230737 1.40037 -0.16775 2.05748 -0.490439 -0.370928 0.0222307 -0.216262 -0.0771762 0.0170916 0.419363 0.303353 0.630748 -0.22221 -0.014329 -0.765891 -0.359508 0.1574 -2.30472 -0.065177 1 0 0 0 0 0 0 0 0 0 0 0 0 0 0 0 0 0 0 0 0 0 0 0 0 0 0 0 0 0 0 0 
0.242424 -0.0495581 0.440019 3.60769 0.248171 -0.571995 -1.8794 -0.00882521 -2.1506 -0.255691 -1.85319 -0.45679 0.629984 0.3164 -1.2929 -0.725008 -0.698003 0.372071 2.74737 0.166474 0.492612 -0.192203 0.259691 -0.581304 0.312706 -0.0950242 0.0852438 0.0374549 0.184708 -2.93171 0.391185 -0.405892 -0.0217741 0.497984 -0.76555 0.417167 -0.226505 0.0198426 0.312665 0.784034 0.584829 -0.601986 1.06394 0.155281 0.668728 -0.265928 0.161513 -0.590007 0.130638 -4.39228 0.679903 -2.18606 0.685896 0.861711 -0.153261 0.0864699 0.0293204 0.016771 0.106611 -0.00589129 -0.282223 -0.216281 -0.102852 -0.489292 -0.0782266 -0.800566 -0.2701 0.555902 -0.853156 1 0 0 0 0 0 0 0 0 0 0 0 0 0 0 0 0 0 0 0 0 0 0 0 0 0 0 0 0 0 0 
0 0.364583 -0.105182 4.55315 0.783927 -0.846577 -0.751543 -0.614318 -0.320043 -0.461609 -1.51896 -0.96335 0.454236 0.479557 0.175725 -0.837933 -0.603339 0.177417 0.661127 -0.44871 -0.0204315 0.59948 -0.320451 0.242602 0.153081 0.0330731 -0.393058 -0.404041 0.140354 2.09244 0.0756143 0.544176 0.258657 0.667319 -0.121201 0.481739 -0.0787168 0.27266 -0.18844 -1.04264 -0.0684439 -0.609973 -3.69998 -0.0360162 -0.254255 0.581489 -0.46269 0.164269 0.486054 2.27136 -0.411862 -0.273978 -0.398818 -1.23421 0.259233 0.776976 -1.35569 -0.653083 0.603795 -0.689593 -0.731622 0.0389313 0.191061 -0.0661354 0.299826 0.912662 -0.00828753 0.0472331 0.46159 0.124342 1 0 0 0 0 0 0 0 0 0 0 0 0 0 0 0 0 0 0 0 0 0 0 0 0 0 0 0 0 0 
0.343434 -0.350589 0.587592 2.29918 0.517536 -0.201583 -0.582929 -0.645343 0.701699 0.0815 -1.6087 -1.64093 0.857524 -0.38281 1.26641 -1.59665 -0.644011 0.0788608 2.25724 -0.295791 0.325055 -0.770873 -0.211827 -1.34825 -0.23401 0.709854 0.0447069 -0.0178187 0.0736761 3.05361 -0.284597 -0.174617 -1.13716 0.462311 0.282758 -0.7513 0.561084 0.61182 0.43494 0.228754 0.534276 -0.581546 -2.22206 0.658157 0.743222 0.193024 0.0975054 -0.499015 -0.404996 2.80909 -0.356229 -1.50916 0.190095 -0.417713 0.374939 0.774865 -0.674679 -0.70508 0.829955 -0.755863 -1.10925 0.128577 -0.400819 -0.497775 0.183633 -0.265449 -1.00699 0.432456 0.561718 0.297517 0.0285746 1 0 0 0 0 0 0 0 0 0 0 0 0 0 0 0 0 0 0 0 0 0 0 0 0 0 0 0 0 
0.010101 -0.0103114 0.135028 -0.138338 0.0396586 0.325263 -0.355218 0.601209 -1.21893 -0.259223 -0.245564 0.184563 0.00485845 0.342411 -1.66658 1.87436 0.934271 -0.0193543 -0.56942 0.060109 -0.269928 -0.262699 -0.908476 0.321493 0.23433 -0.45403 -0.897886 -0.452923 0.371036 -0.648595 0.328517 0.131072 0.130494 0.421402 -0.199924 -0.14083 0.0685193 -0.432606 -0.266621 -0.657329 -0.358936 0.040127 0.933612 -0.79116 -0.275684 0.294184 0.302205 0.450153 -0.098227 8.95882 -1.35434 11.6518 -2.21193 -0.988239 0.322754 0.744891 -0.0132034 0.230063 0.00285812 -0.368572 -0.383863 0.23584 0.469457 0.201533 -0.467025 0.323648 1.73945 -0.936341 -1.32749 0.696695 0.530101 -0.386007 1 0 0 0 0 0 0 0 0 0 0 0 0 0 0 0 0 0 0 0 0 0 0 0 0 0 0 0 
0 0.583333 0.0492215 2.40426 -0.256213 -0.309381 -0.233672 0.923751 -1.70005 -0.146254 -1.12165 -0.309959 0.205391 0.640613 -1.18646 0.827632 0.327146 0.129219 -2.61464 -0.275381 -0.524554 0.326067 -0.368066 0.0824428 -0.222335 0.0393591 0.0768075 -0.0894469 0.0633745 -4.40469 0.42081 -0.370555 0.500147 0.331734 0.174621 -0.400611 0.0245112 0.33732 0.372299 -0.384908 -0.100887 0.317074 1.30521 0.317683 0.139662 -0.832904 -1.04861 0.249388 0.191137 -0.620251 0.0483794 -2.54831 0.067592 -0.31873 -0.47939 -0.0853721 -0.373358 -0.917229 -0.785611 -0.0134628 -0.15885 -0.0693288 -0.118575 -0.0339243 -0.0995992 0.27812 0.0857185 -0.59936 -0.21668 -0.0292732 0.786756 0.0857679 0.0185288 1 0 0 0 0 0 0 0 0 0 0 0 0 0 0 0 0 0 0 0 0 0 0 0 0 0 0 
0.393939 0.524937 -0.191941 1.47429 0.564269 -0.553421 0.07716 0.130006 -1.69911 0.042828 -1.4214 -0.699793 0.720496 0.696186 -0.650144 -0.702194 -1.21919 0.0359258 0.942157 0.168285 0.0209521 0.52188 -0.197487 0.238329 0.496259 0.280971 0.162297 1.33518 -0.640127 -3.82938 0.681095 -0.297776 0.0348725 0.0761098 -0.527847 0.339568 -0.137985 0.0391857 0.0185917 1.60644 0.554353 0.280923 0.636283 -0.519422 0.130411 0.402471 0.0459974 -0.0353816 0.432978 4.72575 -0.556257 4.31836 -0.922248 0.0857392 -0.148447 -0.443087 -0.278302 0.636917 0.521322 0.0378841 1.41756 0.237749 0.580168 -0.137073 -0.0165432 -0.0715658 -1.10904 -0.338759 0.388627 0.205565 0.0490905 -0.739687 0.0901766 0.667861 1 0 0 0 0 0 0 0 0 0 0 0 0 0 0 0 0 0 0 0 0 0 0 0 0 0 
0.444444 0.202546 -0.0740602 3.09027 0.107468 -0.510472 -1.35732 -0.339049 -1.43816 -0.0500918 -1.15213 -0.400678 0.316116 0.610049 -0.768153 -0.325711 -0.535354 0.188849 0.465617 -0.209229 0.0248651 0.230948 -0.141457 -0.175021 0.411678 -0.147441 -0.0103208 0.0953613 -0.0197851 -1.40019 0.357182 0.201634 0.759729 0.652552 -0.205023 0.885037 -0.594513 0.106832 0.0683069 -0.132804 -0.149235 0.0574948 1.54451 0.0115764 -0.379273 -0.502701 -0.648868 0.0950187 0.905048 -9.05835 1.1742 -7.71106 1.43175 0.382344 0.00652369 -0.289491 -0.330505 0.0608018 -0.422188 0.105475 0.457513 0.0173235 0.0791503 -0.539588 -0.469314 0.140219 1.09833 -0.534653 -0.686392 0.363351 0.435198 -0.0851829 0.257473 -0.652818 -0.0584308 1 0 0 0 0 0 0 0 0 0 0 0 0 0 0 0 0 0 0 0 0 0 0 0 0 
0.40404 -0.214541 0.0784461 3.22707 0.395207 -0.791196 -1.45833 0.0389136 -1.96893 0.387561 -1.81573 -1.17437 0.626026 0.193341 1.43746 -0.69115 0.0528827 -0.309779 2.71839 -0.231039 0.416447 0.105105 -0.187402 0.153995 0.38974 -0.0509658 0.244819 -0.325605 0.182418 -0.432656 0.145659 0.370023 0.596524 0.300541 0.301702 -0.00538987 -0.341346 -0.185329 -0.660061 -2.73873 -0.711297 -0.405126 -2.09396 0.235098 -0.55507 0.751415 0.438943 0.50796 -0.224437 9.94887 -1.41585 6.08445 -1.39779 -0.972981 -0.341437 0.447488 -0.293343 -0.161998 -0.0810445 0.767569 -0.0730203 -0.323012 -0.48744 0.286627 0.03042 0.593919 -0.253777 -0.563991 -0.963653 0.323084 0.447098 -0.114367 0.0867759 0.695168 0.218795 0.358607 1 0 0 0 0 0 0 0 0 0 0 0 0 0 0 0 0 0 0 0 0 0 0 0 
0.0505051 0.208859 0.26115 0.218083 -0.163758 0.455486 0.0358742 1.1134 -0.832524 0.182234 -1.04878 -1.39872 0.215697 0.240093 0.0541612 0.582629 0.721999 0.19128 -2.30724 -0.569544 -0.394058 -0.510375 -0.246727 -0.867888 -0.68181 0.253342 0.177846 -0.955067 0.496227 1.44218 -0.295502 -0.136875 -0.667295 0.346838 0.224529 -0.689068 0.230107 0.867903 0.642124 0.720254 0.553419 -0.16411 -1.77291 0.726509 0.256779 -0.20394 -0.413491 0.44104 -0.49441 -4.19868 0.533549 -1.38744 0.465826 -0.208176 0.659767 0.183572 0.67774 0.157051 -0.016659 -0.248526 -0.126575 -0.418402 -0.347384 -0.0328673 0.109886 0.495062 -0.62419 -0.00285646 0.447534 -0.156183 0.386403 0.551909 0.0166076 -0.692236 -0.4386 0.470744 0.161779 1 0 0 0 0 0 0 0 0 0 0 0 0 0 0 0 0 0 0 0 0 0 0 
0.343434 0.128577 -0.0470138 3.10604 0.723266 -0.819301 -1.46441 0.183819 -1.65536 0.236892 -1.6524 -1.9669 0.645903 0.580275 0.189686 0.431095 0.371771 0.069656 -0.874821 -0.202239 -0.393154 0.435049 -0.872193 0.76662 0.141892 -0.253601 -0.604867 -0.221793 0.206534 -1.49955 -0.107592 -0.451088 -0.257848 -0.464109 0.361938 -0.700523 0.146358 -0.483589 -0.760764 -0.853677 -0.421518 0.20706 1.44154 -0.0492404 -0.226144 0.0256415 0.504102 0.138906 -0.235308 7.41132 -0.90922 2.12369 -1.08976 -0.517392 -1.16433 -0.454326 -0.162641 -0.528839 -0.424282 1.20979 -0.0208078 0.408765 0.0594266 0.193683 0.118375 -0.797725 -0.369636 -0.414641 -0.080478 0.284996 0.271517 -0.0334399 0.395808 0.818099 0.468646 -0.261192 0.815759 0.148602 1 0 0 0 0 0 0 0 0 0 0 0 0 0 0 0 0 0 0 0 0 0 
0.474747 -0.484638 0.720986 -2.28267 -0.0124617 0.847481 0.0967294 -0.361427 0.810584 -0.0551591 -0.149773 0.940593 -0.0564276 -0.57207 -1.23643 -0.674861 -0.880079 0.232359 1.00713 -0.198742 0.308998 -0.178116 0.272032 -0.254974 -0.707821 -0.106359 0.517802 0.0252206 0.128768 0.502724 -0.374633 0.0392212 -0.227314 -0.611503 0.0319723 -0.866899 0.202146 0.188391 0.520068 0.390823 0.282237 0.115955 1.47232 0.870091 -0.05552 -0.589255 -0.127687 0.314883 -0.0264571 -9.58949 1.20635 -6.56779 1.29058 0.0436022 0.349844 0.240592 -0.236089 0.146855 0.344095 -0.615988 0.0272446 -0.716368 -0.693161 0.244592 -0.0424382 0.811061 1.19414 0.913468 -0.0392441 -0.305375 -0.538076 -0.180557 -0.0466782 -0.378053 -0.79616 -0.290675 0.119672 0.687468 0.223612 1 0 0 0 0 0 0 0 0 0 0 0 0 0 0 0 0 0 0 0 0 
0.292929 -0.267782 0.31355 -1.36511 0.903225 0.29241 0.510203 -0.444835 0.357422 -0.0899311 -0.955208 -0.625966 0.316275 0.199901 1.05314 -1.30221 -0.833248 0.0203621 2.60176 -0.0500109 0.50789 0.626864 0.687878 0.328407 0.315167 0.354932 0.468127 0.949187 -0.643787 -0.0422512 0.367525 0.641364 0.805453 0.0490239 -0.929059 1.2375 -0.905331 0.168525 0.336534 2.20206 0.719257 -0.50141 0.759507 -0.134804 0.457932 -0.206423 0.0508182 -0.13763 0.0226338 1.07657 -0.152168 1.37364 0.0515776 0.526993 0.354771 0.306712 0.132509 -0.115455 0.532498 -0.838112 0.229179 0.148387 0.297847 -0.173917 -0.373922 0.774569 -0.271725 0.973456 0.908334 -0.911724 -0.823088 -0.000214323 -0.437016 -0.693721 -0.873934 0.00515163 -0.139299 0.370107 0.369784 -0.0290978 1 0 0 0 0 0 0 0 0 0 0 0 0 0 0 0 0 0 0 0 
0.171717 0.824705 0.49537 -0.413361 0.170907 -0.168412 0.676919 0.0534319 -0.420761 0.0972956 -0.631748 0.79761 0.153628 -0.13301 -1.3084 -0.326586 -0.94908 0.0681312 0.678116 0.0571519 0.236045 0.0941983 -0.18749 0.489677 0.0945819 -0.0541398 -0.0289157 0.324988 -0.219791 -3.53597 0.670432 0.123269 0.509476 0.0531444 0.233016 -0.0366552 -0.139189 0.266626 0.468232 0.997136 0.763882 -0.648011 -3.00466 -0.220902 0.959898 0.339603 -0.328646 -0.129899 -0.76678 6.74384 -0.938144 4.07503 -0.702949 -0.221065 0.0834473 0.74506 -0.31255 -1.52968 -0.106176 0.174408 -0.792779 0.642885 -0.0280818 0.411458 -0.165742 0.502817 -0.985044 0.259463 0.745029 -0.577744 -0.264198 0.158592 -0.308151 0.175378 -0.434989 -0.0480352 -0.77651 0.533665 0.878642 -1.57142 3.30146 1 0 0 0 0 0 0 0 0 0 0 0 0 0 0 0 0 0 0 
0.030303 0.437816 0.28994 -1.09703 -0.0694037 0.551033 -0.252593 0.609963 -1.49684 -0.168381 -0.793461 1.10891 -0.132982 0.133249 -2.13838 0.229942 -0.39402 -0.000484836 1.8089 0.142744 0.496738 -0.945009 0.0698471 -0.808007 -0.090247 -0.0899847 0.162744 -0.962169 0.384479 -2.2856 0.383639 0.257635 0.177555 -0.375069 0.32667 0.0150461 0.0830384 0.462378 0.804364 1.95376 0.504237 0.275276 0.641908 -0.0311785 -0.0230536 -0.235099 -0.180248 -0.0737536 -0.0862042 -3.54789 0.463338 3.96489 -0.522165 0.0756657 0.37922 0.0144858 0.178142 0.904273 0.1953 -0.470622 0.635208 -0.196342 0.34626 0.276087 0.155012 0.0247626 0.028938 0.200138 0.695441 -0.215764 0.00240241 0.0200909 -0.274488 -0.837175 -0.320822 -0.0248932 0.442343 -0.23415 0.361741 0.419989 -0.0158703 -0.139705 1 0 0 0 0 0 0 0 0 0 0 0 0 0 0 0 0 0 
0.494949 -0.505261 0.569143 -2.24291 0.0409892 0.659957 0.887359 -0.204553 0.461179 0.465657 -0.364422 -1.27027 0.383489 -0.200977 1.90651 0.837802 0.693101 -0.531024 -1.38644 0.183996 -0.359524 -0.229447 0.602537 -1.30532 -0.586204 0.893769 0.524362 1.06664 -0.315537 -1.8556 0.305324 0.0191958 0.244374 -0.346491 -0.433957 0.538172 -0.0792231 -0.258009 0.492968 1.98255 0.850863 0.366115 0.993356 0.0334268 0.0822686 -0.0423202 -0.0179111 0.305445 0.132728 -0.309338 0.0782025 2.06079 -0.227431 0.391752 0.022313 0.214067 0.0624171 0.21886 0.891352 -0.87398 -0.508074 -0.144871 -0.0513617 -0.994734 -0.491219 0.266763 0.0128599 0.314572 -0.00599524 -0.0616258 -0.185754 0.518163 -0.0555122 0.308322 0.048476 0.43113 -0.0321357 0.0270682 0.0694913 -0.397792 0.683229 0.491564 -0.516799 1 0 0 0 0 0 0 0 0 0 0 0 0 0 0 0 0 
0.393939 -0.339646 0.986739 2.82185 0.103086 -0.0406003 -1.12951 -0.734563 -0.317657 -0.48365 -2.33121 -0.111828 0.850443 0.0687193 -0.145318 -2.08016 -1.26419 0.338282 4.69224 0.102936 0.721133 -0.779528 0.475177 -2.02293 -0.108346 0.816438 0.547052 0.6735 0.0206021 -4.26346 0.796916 0.0700935 0.389946 0.54882 -0.33472 0.220851 0.0418098 0.491842 0.619149 0.940383 0.814569 0.00437741 0.178619 0.0491068 -0.124869 -0.305617 -1.13814 0.133838 0.334941 -12.2314 1.62732 -6.19816 1.45037 0.165699 1.12935 0.565038 -0.678406 0.528907 0.299227 -1.18344 0.454887 0.0878099 0.237095 0.107885 0.263647 0.0867203 -0.710737 0.168166 0.36088 0.523247 0.358776 0.780952 -0.0044718 -0.365595 0.578771 -0.367084 -0.449834 -0.643357 -1.27902 -0.0400544 -4.41827 -0.74442 -0.00991784 0.309843 1 0 0 0 0 0 0 0 0 0 0 0 0 0 0 0 
0.040404 0.354588 0.0391061 0.241539 0.670074 0.158379 -0.642182 -0.357193 -0.206551 -0.0048739 -1.28853 -1.71782 0.659415 0.246118 0.0484222 0.892079 0.53672 -0.0325747 -1.27971 0.117555 -0.41652 0.666886 -0.790729 1.40413 -0.0985744 -0.00762187 -0.548436 0.385954 -0.453352 -3.56651 0.403001 -0.336303 0.00300734 -0.169346 0.628636 -0.638453 0.547728 0.0737605 -0.399156 -0.944533 -0.513626 0.533707 -0.680548 -0.157842 0.491373 0.38785 0.246307 0.353904 -0.101738 5.1174 -0.735255 2.52754 -0.888827 -0.824809 -0.382679 -0.409579 -0.073341 0.177556 0.0517294 0.319654 0.923489 -0.416156 0.186019 -0.471589 -0.415055 0.193432 -0.389181 0.0410874 0.369828 -0.353999 -0.0924869 -0.786255 -0.120085 0.900959 -0.0968346 -0.441482 0.376794 -0.572845 0.854359 0.247166 -0.489883 -0.231732 0.293466 3.36165 0.0882776 1 0 0 0 0 0 0 0 0 0 0 0 0 0 0 
0.757576 0.226641 0.0952646 -0.615792 0.810035 -0.0231502 -1.18683 -0.219696 -1.29982 0.106561 -0.969254 -1.11195 0.182275 0.736021 -0.0837645 0.534398 0.224297 -0.189037 -1.04299 -0.14244 -0.211901 0.46038 -0.358441 0.341212 -0.18807 -0.324506 -0.102745 -0.779163 0.231005 -1.058 -0.155156 -0.555527 -0.147083 -0.160942 0.601117 -0.357678 0.457064 0.329486 0.296413 -0.344053 -0.169742 0.71713 -1.68274 0.584357 0.379105 -0.234537 -0.559245 0.278025 -0.134542 -10.494 1.32344 -5.49177 0.724911 -0.704822 0.123959 -0.173461 -0.597692 -0.234644 0.505558 -0.382537 0.34133 -0.100844 0.299621 -0.189102 -0.268498 0.517908 -0.32109 0.813306 0.727307 -0.618831 -0.180059 -0.389166 -0.378883 0.541439 -0.2976 -0.49412 0.426486 -0.310453 0.812997 0.320675 -0.799954 -0.165832 0.232152 2.60946 0.271737 0.74717 1 0 0 0 0 0 0 0 0 0 0 0 0 0 
0.121212 -0.113321 0.500836 0.220054 0.435487 -0.217853 0.71442 -0.878446 1.0531 0.297153 -0.342586 0.175538 0.291292 -0.531941 1.27132 -1.52882 -0.775418 0.249853 2.96239 0.136632 0.356472 -0.198346 0.500895 -1.04369 0.220047 0.899955 0.450646 1.33477 -0.501744 2.49709 -0.0427432 0.447315 -0.0482376 0.19138 -0.593259 0.489691 -0.252309 -0.230639 -0.189299 1.03285 0.687994 -0.693558 -1.41392 -0.434768 -0.312039 0.704068 0.495748 0.0100447 -0.546421 15.2446 -2.01006 8.90545 -1.80306 -0.252972 -0.48614 0.614654 -0.212075 -0.88763 0.270949 0.070332 -1.02514 0.128477 -0.610705 -0.132046 0.288394 0.482275 -1.2531 -0.20852 0.93715 -0.197208 0.36489 0.9678 -0.252011 -0.154837 0.137853 0.315443 0.58859 -0.173389 0.39016 -0.286675 -1.25163 0.0306633 -0.0484497 1.46771 0.536091 -0.453465 -4.35857 1 0 0 0 0 0 0 0 0 0 0 0 0 
0.858586 0.0506103 0.197132 -4.81649 0.532717 0.471026 1.28415 -0.467143 0.533689 0.527285 1.14528 0.499237 -0.153015 -0.293109 0.0308391 -0.278587 -0.373906 0.327401 -0.65999 0.0971437 -0.324938 0.533457 -0.124601 0.296746 0.298505 0.113634 -0.0215674 0.314599 -0.265146 0.777058 0.00718897 0.221341 -0.0682683 0.0685383 0.383014 -0.26462 -0.0216718 -0.161293 -0.38933 0.211228 0.0464107 0.185737 -0.564641 -1.00723 -0.383906 0.425221 -0.00212664 0.527772 -0.258283 1.93703 -0.323376 4.28772 -0.773195 -0.500375 0.317487 0.0329284 0.599845 0.577688 -0.121671 -0.0614259 0.236321 0.0521664 0.394776 -0.157353 -0.528858 0.405538 1.65635 0.192046 0.356279 -0.529623 -0.051069 -0.286993 0.15927 -0.195339 -0.475695 -0.135235 -0.454346 0.177655 0.825385 -0.419054 1.58609 0.437451 -0.057148 0.693746 -0.0426792 0.221136 0.949098 0.735502 1 0 0 0 0 0 0 0 0 0 0 0 
0.20202 0.283354 0.0932788 0.677772 0.269295 -0.315555 -0.334096 -0.197481 -0.160734 0.358036 0.529982 -0.85446 -0.193511 0.607313 0.124432 0.386405 0.383251 0.355272 -0.295066 0.160107 -0.0042468 0.391127 0.14602 0.630591 0.737254 -0.258263 -0.156899 -0.0768132 0.0415037 5.10172 -0.500596 0.697638 0.248972 0.121486 0.655944 0.48402 -0.444178 0.251294 -0.688831 -1.67248 -0.537235 0.4632 -1.55228 0.529942 -0.192103 -0.110329 0.0204407 0.127347 -0.453511 -9.08145 1.2395 -10.1671 1.37614 -0.791785 -0.30019 -0.890512 0.0372445 -0.023409 0.381754 0.599876 -0.12838 0.0217053 0.0356599 -0.53693 -0.347699 -0.261661 -0.268684 -0.0729465 -0.392405 0.20529 0.108924 0.119802 0.230548 0.313353 0.119834 0.475366 0.822801 0.954299 -0.358507 0.716698 0.928826 -0.0369453 -0.208868 -2.87231 -0.512869 -0.771108 -2.8175 -0.0561444 -1.12496 1 0 0 0 0 0 0 0 0 0 0 
0 0.489583 -0.0946342 -0.792991 0.314758 0.266472 0.578104 -0.00690619 0.906338 0.358379 0.65082 -1.8491 0.0595623 0.0695713 1.9204 0.658463 1.00138 -0.137826 0.00486268 0.242967 -0.193378 -0.30797 -0.494466 0.247989 0.461215 -0.0959681 -0.543864 -0.834928 0.317918 2.52538 -0.374711 0.357592 -0.276493 -0.588687 0.9756 -1.27536 0.377019 -0.630126 -0.811611 -1.51213 -0.397863 -0.176307 -2.19971 0.330301 -0.34031 0.440594 0.271227 0.504655 -0.499577 5.53008 -0.769908 1.54348 -0.520297 -0.830959 -0.326085 -0.150847 0.543539 0.0996381 -0.0752919 0.560046 -0.419771 -0.0278127 -0.12616 0.662968 0.215458 0.182166 1.08009 -0.303883 -0.372043 -0.373563 0.158468 0.507413 0.305991 -0.0723964 -0.0464915 0.0956382 -0.0635519 -0.00152084 -0.026899 -0.594105 -0.888355 0.0486653 -0.263634 1.75173 0.427514 0.557551 -0.609106 -0.0829897 -0.420343 -0.17894 1 0 0 0 0 0 0 0 0 0 
0.242424 0.398359 -0.145658 1.433 0.546527 -0.221928 -0.799311 0.585023 -2.53987 0.27383 -1.5556 -1.82594 0.376784 0.966519 0.590433 0.101593 0.0664906 -0.223425 -0.317933 -0.520748 -0.0796655 0.309313 -0.419994 0.333424 0.177111 0.0284552 -0.0225191 -0.218207 0.0870355 1.14192 0.0471902 0.0819148 -0.0780308 0.207351 -0.363793 0.636911 -0.225253 0.283973 0.16607 0.682412 0.0340158 -0.0435401 -1.33766 -0.447097 0.404146 0.416794 0.32433 -0.1132 -0.361581 4.61146 -0.683658 5.22469 -1.05108 -0.224941 -0.127073 0.198601 -0.403476 0.0524263 0.379185 0.376826 0.196004 0.506586 0.193408 0.43166 0.00640494 0.270276 0.185523 -0.212572 0.184307 0.211293 0.0312424 -0.385234 -0.083366 -0.760003 0.216588 0.493174 -0.123987 1.00065 0.514974 -0.494715 1.47324 0.386676 0.570913 -0.58065 0.0643286 0.0282717 3.14413 -0.297648 1.59246 0.300878 -0.183227 1 0 0 0 0 0 0 0 0 
0.585859 0.131103 0.748983 -1.99811 -0.0216133 0.183366 0.662685 -0.379053 -0.0886482 0.276661 0.663855 1.04725 0.038933 -0.339006 -1.133 -0.731774 -1.17583 0.453945 0.77536 -0.0103344 0.0764379 0.550446 0.213087 0.395472 0.532073 0.121917 -0.0131774 0.933426 -0.298511 -1.29247 0.473005 0.0982335 -0.0693968 0.26395 -0.038683 -0.115912 0.0229845 -0.407456 -0.578172 -1.0378 0.0343431 -0.276798 -2.02152 -0.270617 -0.142054 0.656803 0.0551754 0.47118 -0.181511 4.05814 -0.592271 2.75073 -0.621645 -0.626342 0.127704 0.273029 -0.348647 -0.128621 0.756774 -0.274839 0.00486636 0.32987 0.460792 -0.127119 -0.20615 0.0288646 -0.617321 0.216044 -0.203624 0.688571 0.000238311 -0.104092 0.474086 0.0957032 0.556493 -0.241455 -0.435419 0.295531 -0.16532 -0.217243 0.9884 0.338985 -0.0369299 -1.56242 -0.213671 -0.126299 2.61089 -0.00683501 0.975856 0.24199 -0.719805 0.473308 1 0 0 0 0 0 0 0 
0.636364 -0.628788 0.754943 -0.467305 0.121948 0.12495 -0.812711 -0.729956 0.42921 0.305582 -0.3553 -0.448464 0.289166 -0.155134 0.729647 -0.234524 0.324458 0.109741 1.87173 0.312776 0.314578 -0.473089 0.51687 -1.02058 0.166453 0.700674 0.35157 0.94228 -0.263234 -0.0186798 0.210111 0.392407 0.618486 0.00650647 -0.312028 0.99871 -0.39108 -0.0457692 -0.0302737 0.79706 0.192182 0.238126 0.839863 -0.312884 0.214327 -0.239884 -0.19867 0.0457306 -0.344266 -6.82803 0.914751 -5.38101 1.26086 0.745642 -0.00238064 -0.304274 0.181702 -0.160093 0.268401 -0.640891 -0.363998 -0.0644258 -0.326845 -0.598352 -0.600565 0.598496 0.238364 0.325885 -0.22442 -0.20646 -0.182384 -0.0530479 -0.733359 0.794408 -0.403682 0.141154 -0.01765 0.137376 -0.28289 0.591426 0.0240879 0.200001 0.15551 1.35083 -0.0374147 0.315084 1.08244 -0.256719 0.495242 0.915795 -0.542067 0.685997 2.34117 1 0 0 0 0 0 0 
0.292929 -0.299032 0.10934 1.66673 0.0915418 0.09539 -1.20404 0.48045 -1.3897 -0.114993 -1.6448 -1.38084 0.671412 0.253316 0.707407 0.432564 0.863382 -0.268033 1.70041 -0.157943 0.211324 -0.126086 -0.484707 0.49033 0.138928 -0.219834 -0.472644 -0.0662026 0.266132 -4.42502 0.632148 0.0275699 0.482894 -0.141499 -0.143149 -0.189088 0.00717638 -0.385629 -0.706741 -1.0345 -0.357248 0.208787 0.352476 -0.0621652 0.161266 -0.020929 0.101259 0.312624 -0.6128 6.48118 -0.876846 3.10595 -0.745681 -0.227272 -0.592446 -0.21907 0.35186 -0.273634 0.0552101 -0.654465 -0.609818 -0.025295 0.107684 0.0828205 0.090729 -0.355023 0.913902 0.363349 -0.550803 0.304915 0.179362 0.162727 0.556843 0.885958 0.579586 -0.310053 0.0911895 -0.242533 0.646012 -0.732356 0.705031 0.444783 0.0565992 2.2632 -0.00867134 0.820177 4.45973 -0.137978 1.15119 -0.542688 0.972322 0.466776 -1.04471 -0.425772 1 0 0 0 0 0 
0.232323 0.40867 -0.149428 3.70818 -0.106275 -0.19749 -1.30642 0.664782 -1.67115 -0.033306 -1.94047 -1.94846 0.600345 0.779754 -0.136185 0.359293 0.276987 0.0497977 -3.51032 -0.698569 -0.6498 0.479453 -0.34104 -0.120439 -0.588262 0.193733 -0.00599485 -0.794262 0.398304 -0.397846 -0.275119 -0.778329 -0.779354 0.182043 0.485787 -1.0021 0.679013 0.356386 0.547201 -0.307133 -0.40032 0.145028 0.514547 -0.260079 -0.192326 -0.171275 -0.149668 -0.0560971 0.356937 1.69976 -0.298907 2.88287 -0.603465 -0.302889 0.119825 -0.000210546 0.307974 0.649955 -0.0021369 -0.427523 0.485054 0.163115 0.278597 0.8165 0.289053 0.123773 1.26064 -0.129533 -0.466746 0.0461964 0.224505 0.441646 0.403541 -0.452815 -0.095952 -0.242531 -0.263815 -1.09534 -0.215526 -0.539024 -2.73196 -0.263557 -0.244244 3.64204 0.795983 0.932921 0.966844 0.728871 0.796812 -0.178668 0.74785 0.0139013 0.302091 0.254964 0.162515 1 0 0 0 0 
0.626263 0.121107 0.574503 -4.07064 0.316584 0.757232 -0.34333 -0.777033 0.364794 0.115337 1.58223 1.09798 -0.62269 -0.0341452 -2.32155 0.0437807 -0.74914 0.623126 -0.168895 0.192266 0.0964609 0.585689 0.147865 1.02826 0.408169 -0.7183 -0.216342 -0.390999 -0.0350732 2.54174 -0.577032 -0.56144 -0.992802 -0.320988 0.216355 -0.597117 0.789697 0.3102 -0.063557 0.52622 0.276547 0.394215 -1.64078 0.655483 0.38286 0.105136 -0.194564 0.342811 0.02658 -9.72536 1.3113 -6.73413 1.28675 0.205792 0.0206959 -0.356216 -0.197273 0.453584 0.869345 -0.264333 -0.0778706 -0.322249 0.0835032 -0.697152 -0.230289 -0.00465344 -0.163637 0.895824 0.383664 -0.109929 -0.311806 0.124055 -0.184166 -0.0280797 0.115797 -0.273492 0.353386 0.458693 -0.414603 0.910403 -1.03047 -0.241512 0.260896 -0.966839 0.0239455 -0.238173 -0.761938 -0.14936 -0.00241588 0.932903 -0.124508 0.642315 0.730934 0.196663 -0.00910432 0.745716 1 0 0 0 
0.313131 0.576178 -0.135673 2.19549 0.479324 -0.224253 -1.31769 -0.659172 -0.115467 -0.184846 -0.0893829 -0.441979 -0.0207461 0.12065 -1.66966 0.869008 -0.00660917 0.11405 0.948036 0.218593 0.178433 -0.608246 -0.414232 -0.232972 0.342992 -0.33404 -0.509193 -1.18948 0.578057 -0.348997 0.0395551 -0.255682 -0.310041 0.147272 0.466279 -0.220871 -0.132453 -0.0120007 0.262624 0.296523 0.0463357 -0.205751 -0.346092 0.28098 0.145174 -0.0138779 0.230562 -0.276591 0.417762 1.94055 -0.284283 1.12355 0.0685988 0.215103 0.3509 0.0663116 0.279783 0.393386 0.20656 0.339542 0.0444727 0.181306 0.358744 -0.200988 -0.0595761 -0.796102 0.161727 0.736587 -0.042353 0.313255 -0.157793 0.21855 0.0197215 -0.645272 0.0548528 0.248122 -0.720184 0.616539 0.343585 -1.23707 2.26187 0.545726 -0.116853 -1.16328 -0.194719 -0.0704187 -0.415065 -0.323933 -0.440703 0.371342 0.386708 0.118135 0.54945 0.50006 -0.162275 0.41316 0.620622 1 0 0 
0.121212 -0.123737 0.045244 0.109559 0.414485 -0.180934 0.858926 0.713548 -0.763774 -0.163059 -0.00616529 -0.668487 0.0234202 0.728026 0.107537 0.417594 0.108697 0.156697 -0.519112 0.358094 -0.192565 0.369296 0.404907 -0.106416 0.636199 -0.118952 0.178544 -0.0106145 0.186037 0.144005 0.0553598 0.0615064 0.403336 0.593717 -0.318786 0.457539 -0.554902 -0.171508 -0.134735 -0.595531 -0.0501093 -0.234199 -0.129775 -0.125531 -0.427052 -0.188985 -0.268521 0.111034 0.04162 -0.422463 -0.00576029 -1.18265 0.149224 -0.295338 0.151941 0.0750772 -0.447331 -0.413545 0.269101 -0.435768 0.278817 0.474375 0.669323 0.00228696 0.0326678 -0.24083 -1.00851 0.358074 0.281642 0.328607 0.287391 0.329342 0.116917 0.0979564 0.548438 -0.191104 0.904372 0.106213 -0.19771 0.934893 -2.22423 -0.641327 0.355126 -1.29561 0.319286 -0.347258 2.13615 -0.045851 1.05574 0.0993066 0.628197 0.69951 -1.46106 -0.739489 0.0407869 0.68939 0.51978 -1.53799 1 0 
0.535354 -0.359007 0.571919 -2.72412 0.384431 0.560693 0.62016 -0.62517 0.847388 0.100081 0.388207 0.426999 0.110612 -0.0504297 -0.897754 -0.766956 -0.973875 0.455631 1.55827 0.151766 0.239419 0.62707 0.566553 0.316187 0.538671 -0.0929577 -0.0739319 0.791841 -0.198998 0.971594 -0.207151 0.101769 -0.197273 -0.57901 0.158167 -0.335333 0.0260016 -0.299806 -0.478688 0.269493 -0.118189 0.369626 1.32261 0.38464 0.152184 -0.242652 0.42107 0.154887 -0.291016 -0.0609983 0.0123738 -4.59599 0.788014 -0.16698 0.103342 -0.692349 0.808035 0.565255 0.0354766 -0.275752 0.516326 -0.667219 -0.294039 -0.357932 -0.304124 0.467161 0.771447 0.120763 -0.0216993 -0.327457 -0.659512 -0.733547 0.214108 -0.18874 -0.449574 -0.0421663 -0.659119 0.73479 -0.672635 0.757023 1.87642 0.183937 -0.573562 -2.57386 -0.810576 -0.450386 -0.637009 -0.333398 -0.906831 0.0133645 -0.719292 -0.558341 1.5118 0.671455 -0.302469 -0.573717 -0.226025 2.41082 -0.51838 1 
