1 0 0 0 0 0 0 0 0 0 0 0 0 0 0 0 0 0 0 0 0 0 0 0 0 0 0 0 0 0 0 0 0 0 0 0 0 0 0 0 0 0 0 0 0 0 0 0 0 0 0 0 0 0 0 0 0 0 0 0 0 0 0 0 0 0 0 0 0 0 0 0 0 0 0 0 0 0 0 0 0 0 0 0 0 0 0 0 0 0 0 0 0 0 0 0 0 0 0 0 
1.71429 1 0 0 0 0 0 0 0 0 0 0 0 0 0 0 0 0 0 0 0 0 0 0 0 0 0 0 0 0 0 0 0 0 0 0 0 0 0 0 0 0 0 0 0 0 0 0 0 0 0 0 0 0 0 0 0 0 0 0 0 0 0 0 0 0 0 0 0 0 0 0 0 0 0 0 0 0 0 0 0 0 0 0 0 0 0 0 0 0 0 0 0 0 0 0 0 0 0 0 
0 1.3494 1 0 0 0 0 0 0 0 0 0 0 0 0 0 0 0 0 0 0 0 0 0 0 0 0 0 0 0 0 0 0 0 0 0 0 0 0 0 0 0 0 0 0 0 0 0 0 0 0 0 0 0 0 0 0 0 0 0 0 0 0 0 0 0 0 0 0 0 0 0 0 0 0 0 0 0 0 0 0 0 0 0 0 0 0 0 0 0 0 0 0 0 0 0 0 0 0 0 
14.1429 -1.5261 -4.9675 1 0 0 0 0 0 0 0 0 0 0 0 0 0 0 0 0 0 0 0 0 0 0 0 0 0 0 0 0 0 0 0 0 0 0 0 0 0 0 0 0 0 0 0 0 0 0 0 0 0 0 0 0 0 0 0 0 0 0 0 0 0 0 0 0 0 0 0 0 0 0 0 0 0 0 0 0 0 0 0 0 0 0 0 0 0 0 0 0 0 0 0 0 0 0 0 0 
4.14286 0.0763052 -0.57526 0.453481 1 0 0 0 0 0 0 0 0 0 0 0 0 0 0 0 0 0 0 0 0 0 0 0 0 0 0 0 0 0 0 0 0 0 0 0 0 0 0 0 0 0 0 0 0 0 0 0 0 0 0 0 0 0 0 0 0 0 0 0 0 0 0 0 0 0 0 0 0 0 0 0 0 0 0 0 0 0 0 0 0 0 0 0 0 0 0 0 0 0 0 0 0 0 0 0 
13.8571 -1.67871 -4.18073 0.0822626 -15.6946 1 0 0 0 0 0 0 0 0 0 0 0 0 0 0 0 0 0 0 0 0 0 0 0 0 0 0 0 0 0 0 0 0 0 0 0 0 0 0 0 0 0 0 0 0 0 0 0 0 0 0 0 0 0 0 0 0 0 0 0 0 0 0 0 0 0 0 0 0 0 0 0 0 0 0 0 0 0 0 0 0 0 0 0 0 0 0 0 0 0 0 0 0 0 0 
0 0.787149 0.651536 0.244993 2.64264 -0.149231 1 0 0 0 0 0 0 0 0 0 0 0 0 0 0 0 0 0 0 0 0 0 0 0 0 0 0 0 0 0 0 0 0 0 0 0 0 0 0 0 0 0 0 0 0 0 0 0 0 0 0 0 0 0 0 0 0 0 0 0 0 0 0 0 0 0 0 0 0 0 0 0 0 0 0 0 0 0 0 0 0 0 0 0 0 0 0 0 0 0 0 0 0 0 
8.14286 -1.04819 -2.83112 0.329598 -5.15966 0.306197 0.23909 1 0 0 0 0 0 0 0 0 0 0 0 0 0 0 0 0 0 0 0 0 0 0 0 0 0 0 0 0 0 0 0 0 0 0 0 0 0 0 0 0 0 0 0 0 0 0 0 0 0 0 0 0 0 0 0 0 0 0 0 0 0 0 0 0 0 0 0 0 0 0 0 0 0 0 0 0 0 0 0 0 0 0 0 0 0 0 0 0 0 0 0 0 
11.2857 -0.451807 -2.50172 0.0310582 -12.9696 0.791217 -2.45815 83.8082 1 0 0 0 0 0 0 0 0 0 0 0 0 0 0 0 0 0 0 0 0 0 0 0 0 0 0 0 0 0 0 0 0 0 0 0 0 0 0 0 0 0 0 0 0 0 0 0 0 0 0 0 0 0 0 0 0 0 0 0 0 0 0 0 0 0 0 0 0 0 0 0 0 0 0 0 0 0 0 0 0 0 0 0 0 0 0 0 0 0 0 0 
1.57143 0.64257 0.160693 0.3099 5.15392 -0.343277 0.478981 -18.9496 -0.189065 1 0 0 0 0 0 0 0 0 0 0 0 0 0 0 0 0 0 0 0 0 0 0 0 0 0 0 0 0 0 0 0 0 0 0 0 0 0 0 0 0 0 0 0 0 0 0 0 0 0 0 0 0 0 0 0 0 0 0 0 0 0 0 0 0 0 0 0 0 0 0 0 0 0 0 0 0 0 0 0 0 0 0 0 0 0 0 0 0 0 0 
0.142857 0.624498 1.15811 -0.416379 -5.80667 0.373545 -1.61037 47.8071 0.578857 -0.255212 1 0 0 0 0 0 0 0 0 0 0 0 0 0 0 0 0 0 0 0 0 0 0 0 0 0 0 0 0 0 0 0 0 0 0 0 0 0 0 0 0 0 0 0 0 0 0 0 0 0 0 0 0 0 0 0 0 0 0 0 0 0 0 0 0 0 0 0 0 0 0 0 0 0 0 0 0 0 0 0 0 0 0 0 0 0 0 0 0 0 
0 0.955823 1.63557 -0.334264 -4.34127 0.305887 -2.8096 57.9002 0.684698 -0.716669 -20.5164 1 0 0 0 0 0 0 0 0 0 0 0 0 0 0 0 0 0 0 0 0 0 0 0 0 0 0 0 0 0 0 0 0 0 0 0 0 0 0 0 0 0 0 0 0 0 0 0 0 0 0 0 0 0 0 0 0 0 0 0 0 0 0 0 0 0 0 0 0 0 0 0 0 0 0 0 0 0 0 0 0 0 0 0 0 0 0 0 0 
5.57143 -0.777108 -0.826029 0.2116 -2.08476 0.239475 -1.39231 8.70209 0.109681 -0.80154 33.4586 -1.65611 1 0 0 0 0 0 0 0 0 0 0 0 0 0 0 0 0 0 0 0 0 0 0 0 0 0 0 0 0 0 0 0 0 0 0 0 0 0 0 0 0 0 0 0 0 0 0 0 0 0 0 0 0 0 0 0 0 0 0 0 0 0 0 0 0 0 0 0 0 0 0 0 0 0 0 0 0 0 0 0 0 0 0 0 0 0 0 0 
6 -0.773092 -2.08841 0.257027 -3.16839 0.188186 0.683592 1.92216 0.0227552 -0.117742 -13.8432 0.738465 -0.30111 1 0 0 0 0 0 0 0 0 0 0 0 0 0 0 0 0 0 0 0 0 0 0 0 0 0 0 0 0 0 0 0 0 0 0 0 0 0 0 0 0 0 0 0 0 0 0 0 0 0 0 0 0 0 0 0 0 0 0 0 0 0 0 0 0 0 0 0 0 0 0 0 0 0 0 0 0 0 0 0 0 0 0 0 0 0 0 
7.14286 -1.10442 -2.63082 0.860559 6.07666 -0.380161 0.63907 -27.6352 -0.302851 1.1429 -9.72626 0.368164 0.220025 -0.305716 1 0 0 0 0 0 0 0 0 0 0 0 0 0 0 0 0 0 0 0 0 0 0 0 0 0 0 0 0 0 0 0 0 0 0 0 0 0 0 0 0 0 0 0 0 0 0 0 0 0 0 0 0 0 0 0 0 0 0 0 0 0 0 0 0 0 0 0 0 0 0 0 0 0 0 0 0 0 0 0 0 0 0 0 0 0 
6.71429 -0.967871 -1.52491 0.266766 -1.23987 0.167776 -2.41587 23.6193 0.279123 -1.0304 22.1461 -1.09437 0.866529 0.255776 -0.0882933 1 0 0 0 0 0 0 0 0 0 0 0 0 0 0 0 0 0 0 0 0 0 0 0 0 0 0 0 0 0 0 0 0 0 0 0 0 0 0 0 0 0 0 0 0 0 0 0 0 0 0 0 0 0 0 0 0 0 0 0 0 0 0 0 0 0 0 0 0 0 0 0 0 0 0 0 0 0 0 0 0 0 0 0 0 
4.14286 -0.640562 -1.52588 0.440479 1.51908 -0.0342425 0.0352411 5.18446 0.023873 -0.876156 15.6643 -0.7589 0.152152 2.61783 0.780144 -0.105284 1 0 0 0 0 0 0 0 0 0 0 0 0 0 0 0 0 0 0 0 0 0 0 0 0 0 0 0 0 0 0 0 0 0 0 0 0 0 0 0 0 0 0 0 0 0 0 0 0 0 0 0 0 0 0 0 0 0 0 0 0 0 0 0 0 0 0 0 0 0 0 0 0 0 0 0 0 0 0 0 0 0 0 0 
0.857143 -0.0341365 -0.110842 0.277151 2.98668 -0.115485 0.8221 -20.1884 -0.262741 -0.617461 16.8285 -0.791327 0.0907143 2.57421 0.282609 0.329357 0.648747 1 0 0 0 0 0 0 0 0 0 0 0 0 0 0 0 0 0 0 0 0 0 0 0 0 0 0 0 0 0 0 0 0 0 0 0 0 0 0 0 0 0 0 0 0 0 0 0 0 0 0 0 0 0 0 0 0 0 0 0 0 0 0 0 0 0 0 0 0 0 0 0 0 0 0 0 0 0 0 0 0 0 0 
11.5714 -0.51004 -3.79428 0.365736 -7.7155 0.48423 1.55132 -43.4043 -0.512257 -0.15069 19.169 -0.835064 0.0207723 2.06937 -0.674508 0.727716 0.43554 0.590547 1 0 0 0 0 0 0 0 0 0 0 0 0 0 0 0 0 0 0 0 0 0 0 0 0 0 0 0 0 0 0 0 0 0 0 0 0 0 0 0 0 0 0 0 0 0 0 0 0 0 0 0 0 0 0 0 0 0 0 0 0 0 0 0 0 0 0 0 0 0 0 0 0 0 0 0 0 0 0 0 0 0 
1.57143 0.248996 -0.165075 0.602032 8.42344 -0.501454 1.10457 -34.9498 -0.402179 0.962535 -0.728843 -0.0161309 -0.107672 0.787929 0.532264 -0.0747635 0.221537 0.0367251 1.33301 1 0 0 0 0 0 0 0 0 0 0 0 0 0 0 0 0 0 0 0 0 0 0 0 0 0 0 0 0 0 0 0 0 0 0 0 0 0 0 0 0 0 0 0 0 0 0 0 0 0 0 0 0 0 0 0 0 0 0 0 0 0 0 0 0 0 0 0 0 0 0 0 0 0 0 0 0 0 0 0 0 
4.14286 -0.598394 -1.21167 -0.00996821 -1.39642 0.127265 -0.521551 -13.802 -0.153019 -0.414096 9.65679 -0.446605 0.347044 0.38958 -0.143309 -0.175394 -0.254854 0.640388 0.0319228 -0.154911 1 0 0 0 0 0 0 0 0 0 0 0 0 0 0 0 0 0 0 0 0 0 0 0 0 0 0 0 0 0 0 0 0 0 0 0 0 0 0 0 0 0 0 0 0 0 0 0 0 0 0 0 0 0 0 0 0 0 0 0 0 0 0 0 0 0 0 0 0 0 0 0 0 0 0 0 0 0 0 0 
5.71429 -0.616466 -2.00702 0.750689 5.16999 -0.337599 0.0367254 11.4487 0.149016 1.2228 -0.750814 -0.0526401 -0.11946 -0.0298965 1.06764 -0.44061 0.358029 -0.464401 0.0616358 0.308695 0.0861764 1 0 0 0 0 0 0 0 0 0 0 0 0 0 0 0 0 0 0 0 0 0 0 0 0 0 0 0 0 0 0 0 0 0 0 0 0 0 0 0 0 0 0 0 0 0 0 0 0 0 0 0 0 0 0 0 0 0 0 0 0 0 0 0 0 0 0 0 0 0 0 0 0 0 0 0 0 0 0 
0 0.646586 0.236396 0.536652 8.58879 -0.515377 0.312437 -23.0896 -0.290357 0.808582 -15.7654 0.675012 -0.557211 -1.14893 0.434362 0.896004 0.156341 -0.0330617 0.356223 0.532021 -0.00240723 -6.55553 1 0 0 0 0 0 0 0 0 0 0 0 0 0 0 0 0 0 0 0 0 0 0 0 0 0 0 0 0 0 0 0 0 0 0 0 0 0 0 0 0 0 0 0 0 0 0 0 0 0 0 0 0 0 0 0 0 0 0 0 0 0 0 0 0 0 0 0 0 0 0 0 0 0 0 0 0 0 
4 -0.126506 -0.0202692 -0.345711 -8.32981 0.573879 -2.09718 25.0171 0.317408 -0.415229 -4.52471 0.208138 0.39142 -1.15533 -0.262922 0.85729 -0.525104 -0.320649 0.0958558 0.300474 1.11222 -1.81366 0.330547 1 0 0 0 0 0 0 0 0 0 0 0 0 0 0 0 0 0 0 0 0 0 0 0 0 0 0 0 0 0 0 0 0 0 0 0 0 0 0 0 0 0 0 0 0 0 0 0 0 0 0 0 0 0 0 0 0 0 0 0 0 0 0 0 0 0 0 0 0 0 0 0 0 0 0 0 0 
0 0.730924 1.52736 -0.413325 -3.06866 0.20012 -3.61048 81.6417 0.982052 -0.115324 -5.76928 0.21829 0.260955 -0.807022 0.502964 -0.266922 -0.0300472 -1.10145 0.891573 0.540565 0.787437 -7.71982 0.695847 -0.164083 1 0 0 0 0 0 0 0 0 0 0 0 0 0 0 0 0 0 0 0 0 0 0 0 0 0 0 0 0 0 0 0 0 0 0 0 0 0 0 0 0 0 0 0 0 0 0 0 0 0 0 0 0 0 0 0 0 0 0 0 0 0 0 0 0 0 0 0 0 0 0 0 0 0 0 0 
0.714286 0.240964 0.333072 -0.0606295 -2.03493 0.201722 0.194156 10.5939 0.0835478 -1.19583 4.38402 -0.180339 -0.136642 2.41438 0.310897 -0.362383 0.637984 1.20073 -0.335645 -0.269518 0.218038 -4.37484 0.491266 -0.391215 0.298517 1 0 0 0 0 0 0 0 0 0 0 0 0 0 0 0 0 0 0 0 0 0 0 0 0 0 0 0 0 0 0 0 0 0 0 0 0 0 0 0 0 0 0 0 0 0 0 0 0 0 0 0 0 0 0 0 0 0 0 0 0 0 0 0 0 0 0 0 0 0 0 0 0 0 0 
7.57143 -0.917671 -2.08559 -0.043477 -8.12227 0.539881 -0.533989 -6.30335 -0.0591269 -0.197061 2.2269 -0.0793074 0.293518 -0.478505 -0.567818 0.52429 -0.364282 0.281455 0.131131 -0.10255 0.249494 3.81511 -0.283776 0.246663 -0.236273 0.345167 1 0 0 0 0 0 0 0 0 0 0 0 0 0 0 0 0 0 0 0 0 0 0 0 0 0 0 0 0 0 0 0 0 0 0 0 0 0 0 0 0 0 0 0 0 0 0 0 0 0 0 0 0 0 0 0 0 0 0 0 0 0 0 0 0 0 0 0 0 0 0 0 0 0 
1.71429 -0.26506 -0.631398 0.116842 1.21193 -0.0854171 1.06126 -11.7436 -0.121648 0.0717944 -19.7582 0.961541 0.0666031 -0.147857 0.2683 -0.783504 -0.531125 0.144239 -0.636865 0.019237 0.456332 1.75417 -0.227945 0.46572 1.02757 0.558869 1.39507 1 0 0 0 0 0 0 0 0 0 0 0 0 0 0 0 0 0 0 0 0 0 0 0 0 0 0 0 0 0 0 0 0 0 0 0 0 0 0 0 0 0 0 0 0 0 0 0 0 0 0 0 0 0 0 0 0 0 0 0 0 0 0 0 0 0 0 0 0 0 0 0 0 
3.28571 0.363454 -0.891558 0.74396 5.837 -0.306092 1.62842 -29.5794 -0.383464 0.0723363 10.8744 -0.579304 -0.181215 -0.497485 0.0140315 0.363054 0.0908072 1.37266 -0.54267 -0.307724 0.00425621 -1.85083 0.466045 -0.266319 -0.481159 0.00920429 0.549211 -0.392048 1 0 0 0 0 0 0 0 0 0 0 0 0 0 0 0 0 0 0 0 0 0 0 0 0 0 0 0 0 0 0 0 0 0 0 0 0 0 0 0 0 0 0 0 0 0 0 0 0 0 0 0 0 0 0 0 0 0 0 0 0 0 0 0 0 0 0 0 0 0 0 0 
0 0.871486 0.929201 0.229776 3.4548 -0.138065 -0.782046 3.22398 0.0252942 0.203826 14.5674 -0.81217 0.228547 -0.704577 0.183151 1.19873 0.308853 0.368363 -0.298407 0.0233083 0.0664434 -1.63223 0.532653 0.524301 -0.413928 0.368023 -0.210252 0.244254 -0.971397 1 0 0 0 0 0 0 0 0 0 0 0 0 0 0 0 0 0 0 0 0 0 0 0 0 0 0 0 0 0 0 0 0 0 0 0 0 0 0 0 0 0 0 0 0 0 0 0 0 0 0 0 0 0 0 0 0 0 0 0 0 0 0 0 0 0 0 0 0 0 0 
0 0.773092 0.750326 0.311296 5.038 -0.239541 -0.0303574 -10.7654 -0.132846 -0.162537 4.16551 -0.223147 0.116421 0.410052 -0.00166896 0.601599 0.174295 0.642576 -0.0118793 -0.162146 0.593325 -1.68035 0.363124 0.0349707 0.317355 0.604779 1.44845 -0.267208 0.446537 -0.458169 1 0 0 0 0 0 0 0 0 0 0 0 0 0 0 0 0 0 0 0 0 0 0 0 0 0 0 0 0 0 0 0 0 0 0 0 0 0 0 0 0 0 0 0 0 0 0 0 0 0 0 0 0 0 0 0 0 0 0 0 0 0 0 0 0 0 0 0 0 0 
0 0 0.285804 0.34396 5.1899 -0.302966 -0.158907 17.2193 0.206164 0.0251851 1.38847 -0.0898911 0.150888 -0.0273131 0.361759 -0.323704 0.1336 0.141079 -0.708261 -0.259956 -0.543071 1.01175 -0.0196897 -0.225584 0.155182 0.0184856 1.50262 0.335699 0.296489 0.529623 0.071723 1 0 0 0 0 0 0 0 0 0 0 0 0 0 0 0 0 0 0 0 0 0 0 0 0 0 0 0 0 0 0 0 0 0 0 0 0 0 0 0 0 0 0 0 0 0 0 0 0 0 0 0 0 0 0 0 0 0 0 0 0 0 0 0 0 0 0 0 0 
4.28571 -0.353414 -0.465122 -0.206294 -7.79887 0.524678 -1.28218 33.848 0.391512 -0.50399 8.88919 -0.468288 0.3202 0.0763899 0.382883 0.151952 0.258357 -0.163726 -0.0923336 0.0852605 0.110649 -5.37722 0.610839 0.0911719 0.714698 -0.178731 0.987879 0.201379 0.525254 0.0546029 -0.369276 -0.125234 1 0 0 0 0 0 0 0 0 0 0 0 0 0 0 0 0 0 0 0 0 0 0 0 0 0 0 0 0 0 0 0 0 0 0 0 0 0 0 0 0 0 0 0 0 0 0 0 0 0 0 0 0 0 0 0 0 0 0 0 0 0 0 0 0 0 0 0 
0 0 0 0.52409 9.94854 -0.560037 -0.51345 11.6161 0.101463 -1.2896 -12.494 0.610399 -0.049663 1.81716 0.786957 -0.896493 0.458292 -0.644 0.57076 0.338255 0.891187 -8.79842 0.558161 -0.519456 1.36027 0.331127 -0.436834 0.154284 0.51614 0.0134354 0.141282 0.843431 -0.440141 1 0 0 0 0 0 0 0 0 0 0 0 0 0 0 0 0 0 0 0 0 0 0 0 0 0 0 0 0 0 0 0 0 0 0 0 0 0 0 0 0 0 0 0 0 0 0 0 0 0 0 0 0 0 0 0 0 0 0 0 0 0 0 0 0 0 0 
10.4286 -0.965863 -3.18889 0.446769 -4.90852 0.280567 0.355629 6.94678 0.111257 1.28227 -15.4 0.653084 -0.0603648 -2.13468 0.467293 -0.610896 -0.76413 0.0405464 0.0845236 0.379283 1.10084 -2.60562 0.404065 0.303281 0.088863 0.261226 -0.323733 0.113588 0.35934 -0.139345 -0.271344 -0.834398 -0.465451 0.665867 1 0 0 0 0 0 0 0 0 0 0 0 0 0 0 0 0 0 0 0 0 0 0 0 0 0 0 0 0 0 0 0 0 0 0 0 0 0 0 0 0 0 0 0 0 0 0 0 0 0 0 0 0 0 0 0 0 0 0 0 0 0 0 0 0 0 
0.571429 0.445783 0.218657 0.0493021 2.78361 -0.124212 -1.10414 2.52612 0.0100803 -0.700657 9.80624 -0.501652 0.303318 0.623754 -0.00898187 1.09183 0.380009 0.495539 -0.131157 -0.265484 -0.04845 -1.32605 0.155256 -0.0567517 -0.490624 0.0101211 -1.02024 -0.223047 -0.410045 0.516151 -0.350264 -0.592204 0.409199 -0.647605 0.346803 1 0 0 0 0 0 0 0 0 0 0 0 0 0 0 0 0 0 0 0 0 0 0 0 0 0 0 0 0 0 0 0 0 0 0 0 0 0 0 0 0 0 0 0 0 0 0 0 0 0 0 0 0 0 0 0 0 0 0 0 0 0 0 0 0 
6.28571 -0.0863454 -1.99137 0.859147 4.5382 -0.2787 1.15093 -29.5336 -0.335808 1.18639 3.34651 -0.23084 -0.102908 -2.6644 -0.343532 0.680924 -0.49094 0.379908 -0.647281 -0.396938 0.231413 -3.00353 0.656973 0.022813 -0.316412 -0.049004 0.560616 -0.0532674 0.0548828 0.145578 0.488567 0.807543 -0.164451 -0.341034 -0.36893 -1.42048 1 0 0 0 0 0 0 0 0 0 0 0 0 0 0 0 0 0 0 0 0 0 0 0 0 0 0 0 0 0 0 0 0 0 0 0 0 0 0 0 0 0 0 0 0 0 0 0 0 0 0 0 0 0 0 0 0 0 0 0 0 0 0 0 
4.42857 -0.684739 -1.48821 0.40527 0.72501 -0.0436473 -0.226285 22.0655 0.263551 0.414578 2.18609 -0.14743 -0.00368449 0.127695 0.566359 -0.347126 0.368213 -0.0627123 -0.0590692 0.242933 0.0528873 2.35621 -0.0374555 0.148038 0.235992 -0.39624 1.85269 0.314426 0.294063 0.422974 0.132552 0.201148 -0.196937 -1.32457 -0.602939 -1.97606 0.641696 1 0 0 0 0 0 0 0 0 0 0 0 0 0 0 0 0 0 0 0 0 0 0 0 0 0 0 0 0 0 0 0 0 0 0 0 0 0 0 0 0 0 0 0 0 0 0 0 0 0 0 0 0 0 0 0 0 0 0 0 0 0 0 
0.428571 0.566265 0.696979 -0.245667 -3.93383 0.302788 -1.20562 36.6401 0.408964 -1.71218 8.3282 -0.264784 -0.0605145 3.58252 -0.0584162 -0.273151 0.693091 -0.0459408 0.837426 0.461006 -0.474191 0.622295 -0.329677 -0.135668 0.746921 -0.480049 -0.0464853 0.45434 0.0765818 -0.268641 0.194759 1.25393 -0.81751 0.034137 -1.04684 -0.744112 -0.0273465 -0.0315681 1 0 0 0 0 0 0 0 0 0 0 0 0 0 0 0 0 0 0 0 0 0 0 0 0 0 0 0 0 0 0 0 0 0 0 0 0 0 0 0 0 0 0 0 0 0 0 0 0 0 0 0 0 0 0 0 0 0 0 0 0 0 
4.71429 -0.728916 -0.800986 0.0149533 -4.76086 0.339245 -2.33702 76.4054 0.894054 -1.15217 -13.3561 0.672041 0.111009 0.543374 0.40228 -0.438164 -0.0168233 -0.926994 0.791708 0.481683 0.353596 -4.93391 0.318678 -0.499946 0.947602 0.188864 0.953592 -0.113612 0.235518 -0.420563 0.699232 0.160484 -0.211043 -0.334425 0.232244 -1.08615 0.807482 0.237695 1.66803 1 0 0 0 0 0 0 0 0 0 0 0 0 0 0 0 0 0 0 0 0 0 0 0 0 0 0 0 0 0 0 0 0 0 0 0 0 0 0 0 0 0 0 0 0 0 0 0 0 0 0 0 0 0 0 0 0 0 0 0 0 
3.71429 0.789157 0.286665 0.119459 -4.11049 0.333287 0.1239 12.6231 0.133187 -0.990778 15.6374 -0.722784 0.262952 0.70982 -0.352649 -0.613843 -0.211766 0.294299 0.685873 0.25887 0.627353 -1.42983 -0.148593 -0.179326 0.342252 0.133939 -0.415188 0.0657902 -0.531907 0.186176 0.100694 1.0589 -0.272999 0.46448 -0.600243 -1.09517 0.66879 -0.0493656 3.56182 7.38907 1 0 0 0 0 0 0 0 0 0 0 0 0 0 0 0 0 0 0 0 0 0 0 0 0 0 0 0 0 0 0 0 0 0 0 0 0 0 0 0 0 0 0 0 0 0 0 0 0 0 0 0 0 0 0 0 0 0 0 0 
10.7143 -1.26305 -3.4256 0.746226 0.811687 -0.0121744 -1.57124 10.1216 0.108501 -0.318575 11.4396 -0.560309 0.133303 0.793708 0.185657 -0.303557 0.396367 0.0145351 0.576866 0.218403 -0.241729 3.28798 -0.391492 -0.502307 -0.714147 -0.32845 -0.583105 -0.605534 0.271363 -0.266798 0.0812539 0.794928 -0.233407 0.500476 -0.345275 0.661985 -0.312622 -0.514954 2.06669 2.42351 0.322437 1 0 0 0 0 0 0 0 0 0 0 0 0 0 0 0 0 0 0 0 0 0 0 0 0 0 0 0 0 0 0 0 0 0 0 0 0 0 0 0 0 0 0 0 0 0 0 0 0 0 0 0 0 0 0 0 0 0 0 
5.28571 -0.817269 -1.94681 0.155713 -3.8436 0.237623 1.7522 -32.5151 -0.366398 0.287741 10.8882 -0.450139 0.0780973 2.53114 0.15537 0.346689 0.486136 0.370163 0.21219 0.109811 -1.37026 8.88756 -0.913474 -0.00781652 -0.40402 -0.204567 0.697187 0.236299 -0.110503 0.0689959 0.0760197 -0.172484 0.488556 -0.226561 -0.129185 0.436394 -0.500913 0.197596 0.241194 -1.28032 -0.442313 -1.40488 1 0 0 0 0 0 0 0 0 0 0 0 0 0 0 0 0 0 0 0 0 0 0 0 0 0 0 0 0 0 0 0 0 0 0 0 0 0 0 0 0 0 0 0 0 0 0 0 0 0 0 0 0 0 0 0 0 0 
4.28571 -0.662651 -1.55251 0.559184 3.10577 -0.153962 0.0195663 15.1469 0.161066 -0.640296 1.91912 -0.0873001 0.0626542 0.833631 0.338456 -0.268172 0.0917034 0.356697 -0.284107 0.0555775 0.218378 0.0684133 -0.0348672 0.168184 0.112558 -0.0984623 -0.191542 0.352025 -0.288246 0.087688 0.144518 0.558647 -0.622479 -0.241164 -0.173149 -0.853697 0.550622 0.106551 2.52283 2.48268 0.221256 0.355395 0.0975793 1 0 0 0 0 0 0 0 0 0 0 0 0 0 0 0 0 0 0 0 0 0 0 0 0 0 0 0 0 0 0 0 0 0 0 0 0 0 0 0 0 0 0 0 0 0 0 0 0 0 0 0 0 0 0 0 0 
7.42857 -0.487952 -1.29934 0.357115 -3.68875 0.247801 -0.58245 29.937 0.377837 0.227929 10.0548 -0.496296 0.447728 1.21828 0.562732 -0.433713 0.198247 -0.700303 0.909298 0.491349 0.52232 -1.87967 0.000674274 0.0681014 0.628996 -0.347939 0.734406 -0.348962 0.245162 -0.642317 0.628765 0.664444 -0.0988931 -0.309633 -0.233519 -1.01654 0.11134 -0.039829 3.4999 6.18526 0.808266 3.53335 -0.45333 -142.658 1 0 0 0 0 0 0 0 0 0 0 0 0 0 0 0 0 0 0 0 0 0 0 0 0 0 0 0 0 0 0 0 0 0 0 0 0 0 0 0 0 0 0 0 0 0 0 0 0 0 0 0 0 0 0 0 
4.57143 -0.341365 -1.55011 0.141771 -3.75586 0.27128 1.4613 -12.9063 -0.179075 -1.26693 3.03883 -0.041886 -0.049787 1.51802 -0.251163 -1.09597 -0.224268 0.859485 -0.479837 -0.120854 -0.16575 3.99565 -0.662937 -0.0182624 0.0332967 -0.268035 -0.398724 0.4885 0.0691235 0.212614 -0.661094 0.689012 -0.308573 0.497944 -0.292758 0.541343 -0.161393 -0.555148 3.35429 5.7838 0.90385 0.719586 -0.322067 0.667198 -0.0086024 1 0 0 0 0 0 0 0 0 0 0 0 0 0 0 0 0 0 0 0 0 0 0 0 0 0 0 0 0 0 0 0 0 0 0 0 0 0 0 0 0 0 0 0 0 0 0 0 0 0 0 0 0 0 0 
5 0.309237 -1.38092 0.391541 0.571054 -0.024053 1.79575 -42.9535 -0.489438 0.897682 3.85684 -0.225197 0.0656601 -1.59138 -0.451775 0.673185 -0.725211 1.47165 -0.560768 -0.554289 0.151131 -0.74157 0.288508 -0.0671729 -0.452069 0.70597 0.271227 -0.121669 -0.253991 0.229575 0.202873 0.508416 0.314558 0.154578 0.201481 0.595911 0.191032 -0.363983 4.38289 7.36144 0.789128 1.04221 0.726962 -21.2683 0.155552 1.48592 1 0 0 0 0 0 0 0 0 0 0 0 0 0 0 0 0 0 0 0 0 0 0 0 0 0 0 0 0 0 0 0 0 0 0 0 0 0 0 0 0 0 0 0 0 0 0 0 0 0 0 0 0 0 
0.571429 -0.0883534 0.620963 -0.352787 -1.66466 0.158046 -3.44194 67.5296 0.786772 -1.62932 -12.0225 0.56709 0.416592 -0.681769 -0.0797778 -0.362306 -0.551107 0.342119 -0.36308 -0.0174586 0.707711 -3.07457 0.182819 -0.175513 -0.226837 0.617662 -1.35992 -0.0383365 -0.412034 0.754544 -0.263894 0.618465 -0.540633 -0.310632 0.0713994 0.306267 0.289092 -0.0484924 1.82498 1.80544 0.259069 0.805148 -0.150248 -40.7489 0.27249 -0.579502 0.413442 1 0 0 0 0 0 0 0 0 0 0 0 0 0 0 0 0 0 0 0 0 0 0 0 0 0 0 0 0 0 0 0 0 0 0 0 0 0 0 0 0 0 0 0 0 0 0 0 0 0 0 0 0 
5.14286 0.0341365 -1.30519 0.392164 0.100492 0.0174762 0.233719 4.9025 0.0341756 -0.439985 8.40842 -0.379055 -0.073601 2.16202 0.167495 0.00268469 0.733366 0.532723 -0.0193368 -0.195225 0.0955131 -0.98641 0.0759672 -0.230423 -0.0821844 0.373142 -0.740675 -0.234253 -0.0642164 -0.261863 -0.0307572 0.227455 -0.489272 0.503784 0.335269 1.17193 -0.42885 -0.731131 -0.234489 -0.657778 0.0680679 0.268432 -0.430398 34.4328 -0.240984 0.160702 -0.0187841 1.28131 1 0 0 0 0 0 0 0 0 0 0 0 0 0 0 0 0 0 0 0 0 0 0 0 0 0 0 0 0 0 0 0 0 0 0 0 0 0 0 0 0 0 0 0 0 0 0 0 0 0 0 0 
3.42857 -0.263052 -0.580555 0.430098 3.57591 -0.183632 -1.52772 41.7137 0.491814 -0.496551 3.242 -0.19233 0.411155 1.60788 0.837457 -0.659027 0.462454 -0.270261 -0.0436698 0.298952 0.292645 0.533593 -0.119249 0.223886 0.932918 0.276956 1.21805 0.676964 -0.388069 0.106271 0.251569 0.263238 -0.239135 -0.0458222 -0.39798 -0.667958 0.0510898 -0.0747946 -1.02631 -0.312897 0.200911 -0.0861287 -0.611682 25.8756 -0.184282 1.50997 0.334856 0.770803 0.977831 1 0 0 0 0 0 0 0 0 0 0 0 0 0 0 0 0 0 0 0 0 0 0 0 0 0 0 0 0 0 0 0 0 0 0 0 0 0 0 0 0 0 0 0 0 0 0 0 0 0 0 
1.85714 -0.287149 0.238352 -0.348704 -5.53594 0.436261 -2.99924 55.4897 0.627639 -2.04147 18.6525 -0.827268 0.417112 2.7228 -0.123213 0.492736 0.77755 -0.00728501 0.431763 0.0138996 -0.0755543 -3.44792 0.22531 -0.101633 0.226405 -0.255002 -0.397341 -0.19844 0.339501 -0.026993 0.0407399 0.719617 0.208489 -0.017955 0.250999 0.727066 -0.331976 -0.0960668 0.699712 -2.01486 -0.448212 -0.177225 0.551847 -10.772 0.0699299 -0.700759 0.553631 1.24134 0.187681 -0.582712 1 0 0 0 0 0 0 0 0 0 0 0 0 0 0 0 0 0 0 0 0 0 0 0 0 0 0 0 0 0 0 0 0 0 0 0 0 0 0 0 0 0 0 0 0 0 0 0 0 0 
9.57143 -0.580321 -2.6248 0.410202 -6.4498 0.440441 0.783777 -22.2111 -0.27056 0.258742 -2.51922 0.0943699 -0.156765 -2.00886 -0.429593 -0.171392 -0.502851 0.877841 -0.666896 -0.296493 -0.196483 3.64997 -0.1505 -0.0462604 -0.820864 0.300731 0.385508 -0.339829 0.410795 -0.0436526 -0.205528 -0.507673 0.211249 -0.428064 -0.151859 -0.226686 0.181635 0.353237 1.25573 3.22664 0.42056 -0.0623978 0.0887522 -9.54432 0.0683357 -1.04072 0.00989588 -0.337155 -0.521085 0.0243233 0.34719 1 0 0 0 0 0 0 0 0 0 0 0 0 0 0 0 0 0 0 0 0 0 0 0 0 0 0 0 0 0 0 0 0 0 0 0 0 0 0 0 0 0 0 0 0 0 0 0 0 
0 0.997992 0.364872 0.344458 7.11351 -0.480324 0.0779069 -0.838868 0.0115635 0.954046 -19.4413 0.890941 -0.218149 -1.23413 0.402237 -0.541875 -0.357846 -0.0579839 -0.544258 0.00401399 -0.22919 2.84766 -0.313234 0.11519 0.247442 -0.161846 0.700498 0.434344 0.338209 0.175031 -0.285217 -0.506423 0.357577 0.093091 0.0794661 0.440485 -0.186615 0.219028 -0.829772 -0.26412 -0.015635 -1.1993 0.199242 31.3284 -0.220312 0.341235 0.175819 -0.311893 -0.227766 -0.0150849 1.78772 -0.269294 1 0 0 0 0 0 0 0 0 0 0 0 0 0 0 0 0 0 0 0 0 0 0 0 0 0 0 0 0 0 0 0 0 0 0 0 0 0 0 0 0 0 0 0 0 0 0 0 
1.71429 -0.251004 0.0103042 -0.112804 -1.23586 0.0855906 -0.410222 -14.791 -0.126954 1.15899 -3.85331 0.12607 0.249678 -1.46639 0.269478 0.132874 -0.312428 -0.184381 0.075141 0.134302 -0.0707105 1.87592 -0.0161958 0.236874 -0.300787 0.110326 0.320826 0.181189 -0.48375 0.507934 -0.268332 -0.55456 0.410437 -0.318245 0.167464 -0.220218 0.224355 0.207849 -2.74975 -4.04228 -0.468108 -2.0704 -0.0591528 66.0538 -0.465744 -0.460774 0.418307 1.16511 0.483561 -0.954426 -0.0446365 0.290142 -0.0379653 1 0 0 0 0 0 0 0 0 0 0 0 0 0 0 0 0 0 0 0 0 0 0 0 0 0 0 0 0 0 0 0 0 0 0 0 0 0 0 0 0 0 0 0 0 0 0 
0 0 0 0.112779 1.65858 -0.0768206 0.655356 -22.5408 -0.268023 0.211791 -9.94868 0.479676 -0.232195 -0.179406 0.238209 0.0107012 0.00168459 -0.113837 0.487092 0.491238 -0.325989 2.82366 -0.2632 0.211599 -0.195641 -0.321521 -0.0804201 0.485591 -0.597431 0.589637 -0.161991 0.777069 -0.45901 -0.388454 -0.734111 -1.23412 0.725962 0.261835 -0.0594878 1.10488 0.280871 -1.67332 -0.0933709 65.1404 -0.457837 0.214536 0.416754 0.677126 0.44974 0.47515 0.21088 0.0720205 0.325778 -0.350246 1 0 0 0 0 0 0 0 0 0 0 0 0 0 0 0 0 0 0 0 0 0 0 0 0 0 0 0 0 0 0 0 0 0 0 0 0 0 0 0 0 0 0 0 0 0 
7 -1.08233 -2.04557 -0.0305744 -8.58337 0.58555 0.404389 -20.711 -0.230885 0.307259 10.3705 -0.550678 0.358791 -1.04176 -0.21274 1.26865 -0.378479 0.647134 -0.338382 -0.210952 0.424778 -3.6669 0.70621 0.361305 -0.295802 0.639467 0.0624394 0.298761 -0.761678 0.674667 -0.130264 -0.411819 0.342089 0.422065 0.847997 -0.283656 0.587256 -0.040103 -2.02288 -3.93306 -0.541616 -2.11636 0.101643 93.4104 -0.656656 0.3542 0.30221 0.0381165 0.152177 -0.166889 -0.737933 -0.89289 -0.0458782 -0.191433 0.104942 1 0 0 0 0 0 0 0 0 0 0 0 0 0 0 0 0 0 0 0 0 0 0 0 0 0 0 0 0 0 0 0 0 0 0 0 0 0 0 0 0 0 0 0 0 
2.85714 0.218876 -0.537982 0.241084 1.00476 -0.0795493 -0.161276 4.90471 0.0694115 0.798028 -26.1799 1.19276 -0.291733 -3.47682 -0.184104 0.0360331 -0.823126 -0.1706 -0.995221 -0.340661 1.41041 -6.90406 1.04077 0.392758 0.269592 0.777138 0.558961 0.0779817 0.163464 0.213984 0.287336 0.240621 -0.446584 0.334601 0.933232 -0.308423 0.512974 0.0955279 -0.216404 0.791199 0.127577 1.73096 -0.343067 -37.4692 0.266203 -0.52124 0.149888 -0.728122 -0.509095 -0.116033 -0.144 0.0476975 -0.125401 -0.428897 -0.524849 0.838808 1 0 0 0 0 0 0 0 0 0 0 0 0 0 0 0 0 0 0 0 0 0 0 0 0 0 0 0 0 0 0 0 0 0 0 0 0 0 0 0 0 0 0 0 
8.85714 -0.343373 -2.02966 -0.100312 -10.9501 0.704359 -2.259 40.7533 0.475429 -1.07584 -12.745 0.687372 -0.0302733 0.314993 -0.651631 0.212921 -0.273197 0.388919 0.412423 0.0186373 0.500083 0.848931 -0.212114 -0.0486972 0.340073 -0.0559345 0.494086 0.18124 0.130306 0.0323824 -0.199317 -0.147679 -0.290318 -0.0913985 -0.211227 -0.272631 0.413101 0.127998 1.26987 1.08691 0.242448 -2.32859 -0.149446 124.126 -0.873148 -0.0692223 -0.20713 0.0923484 -0.0366308 0.0595844 0.614583 0.023117 0.206086 0.308238 0.168718 -0.23606 0.923579 1 0 0 0 0 0 0 0 0 0 0 0 0 0 0 0 0 0 0 0 0 0 0 0 0 0 0 0 0 0 0 0 0 0 0 0 0 0 0 0 0 0 0 
11.5714 -1.78916 -4.13202 0.376008 -5.09268 0.285906 -0.884082 31.2807 0.37243 -0.493991 2.38873 -0.0614863 0.164045 3.31546 0.516323 -0.577968 0.656479 0.128977 0.934136 0.294265 0.387996 -1.87476 -0.0993039 0.0104848 1.12961 -0.516795 0.39557 0.623988 0.0903287 0.295427 -0.377576 0.665293 -0.0862057 -0.317383 -0.0498529 0.216206 -0.214904 -0.0336883 0.382663 -0.0439716 0.0520258 1.06588 -0.308344 -26.8545 0.188868 -0.344247 -0.157844 0.199978 0.0408771 -0.834064 -0.162283 0.147573 -0.26378 -0.15746 -1.23244 0.878396 1.01417 -0.523586 1 0 0 0 0 0 0 0 0 0 0 0 0 0 0 0 0 0 0 0 0 0 0 0 0 0 0 0 0 0 0 0 0 0 0 0 0 0 0 0 0 0 
0.142857 -0.0220884 0.129259 -0.0766462 -0.905435 0.104873 -0.658008 22.5448 0.239703 -1.4545 -7.20588 0.432141 -0.0321787 2.74026 0.335344 0.192543 0.703035 -0.384551 0.424943 0.118091 -0.445024 -1.20929 -0.0934402 -0.375599 0.773143 0.22836 0.890166 0.300959 -0.0685284 0.307697 0.674479 1.06731 0.0481329 -0.839331 -0.826581 -0.310419 0.161891 0.202031 1.57715 -1.85267 -0.492855 -1.07932 0.736178 20.4868 -0.144476 0.762734 0.211577 0.960184 0.34245 0.0687012 -0.898466 -0.273504 -0.745242 0.175496 -0.175831 0.105289 -4.10761 -0.532973 5.22795 1 0 0 0 0 0 0 0 0 0 0 0 0 0 0 0 0 0 0 0 0 0 0 0 0 0 0 0 0 0 0 0 0 0 0 0 0 0 0 0 0 
2.42857 0.973896 0.70311 -0.127781 -3.50667 0.208327 -0.445743 17.8814 0.250716 0.364241 3.87046 -0.17298 0.327245 0.449537 -0.151545 0.221504 -0.173459 -0.316633 0.48343 0.191348 0.603409 -0.230458 -0.226023 0.157312 0.142344 0.252095 -0.80046 -0.34849 0.0596988 -0.273839 0.320336 -0.12381 0.22914 0.714581 0.706603 1.78924 -0.865696 -0.221948 1.64355 -1.65086 -0.531674 -1.69204 0.870178 50.3711 -0.34825 -0.835461 0.179296 1.93635 0.69536 -0.517873 0.315856 1.13413 -0.458183 0.566411 -0.838055 -0.875734 -1.95558 -0.272684 2.56366 0.392623 1 0 0 0 0 0 0 0 0 0 0 0 0 0 0 0 0 0 0 0 0 0 0 0 0 0 0 0 0 0 0 0 0 0 0 0 0 0 0 0 
0 1.26506 0.826264 0.493103 8.19559 -0.533253 0.974123 -8.4701 -0.0582274 1.61884 -1.22759 -0.000422807 -0.0516284 -1.34806 0.180838 -0.149702 -0.198154 -0.389591 0.489427 0.295295 0.0714664 -2.58952 0.267291 -0.169892 1.21735 0.0520493 1.99444 0.681527 -0.0600841 0.348526 0.23061 0.769798 0.0817032 -0.220576 -0.75706 -1.10339 0.605919 -0.0878063 -0.469946 0.259141 0.279954 0.277793 -0.895987 15.3037 -0.104589 0.521 -0.306109 0.324709 0.46294 -0.295114 -0.405702 -0.127491 0.346132 0.674799 0.412957 -0.681662 1.83009 0.494799 -1.3373 -0.233949 0.478072 1 0 0 0 0 0 0 0 0 0 0 0 0 0 0 0 0 0 0 0 0 0 0 0 0 0 0 0 0 0 0 0 0 0 0 0 0 0 0 
0 0.801205 1.43614 -0.326812 -4.5782 0.33102 -2.11 47.7656 0.561615 -0.760093 4.49367 -0.211879 0.22527 0.19258 0.0328567 0.576123 0.31395 -0.547034 -0.13222 0.0773983 0.113753 -2.42042 0.361077 0.34193 -0.154776 0.345451 -0.863676 0.0294894 -0.431295 -0.0581982 -0.108782 -0.299006 0.231488 0.822724 0.438406 1.12963 -0.226515 -0.583555 -0.550256 -4.02002 -0.697508 -3.14253 0.761155 140.792 -0.987296 0.742688 0.552341 1.37909 0.95769 0.864006 -0.0562506 0.0234929 -0.204362 -0.780016 0.571091 -0.404128 2.08727 0.86056 3.96489 0.664097 3.50861 0.886279 1 0 0 0 0 0 0 0 0 0 0 0 0 0 0 0 0 0 0 0 0 0 0 0 0 0 0 0 0 0 0 0 0 0 0 0 0 0 
0 0.491968 0.21884 0.569394 11.3962 -0.688418 0.769203 -45.5541 -0.51657 0.872191 -5.05996 0.159957 0.149479 -1.79361 0.227859 0.0837029 -0.393372 -0.2033 0.436499 0.115235 0.595003 -3.35626 0.368154 -0.194355 -0.250694 0.10895 -0.205115 -0.744109 0.384333 0.0449137 0.651671 1.28792 0.0557529 -0.198098 -0.285532 -0.0548671 0.556624 0.0464045 2.7793 4.51853 0.434317 0.15499 0.545774 -33.3975 0.231357 -1.02555 0.568081 0.527949 -0.115205 0.0690891 0.422948 0.924586 -0.25445 0.178956 0.124025 0.241802 -2.00679 -0.38248 -3.32884 -0.670863 0.306146 -1.82112 -0.0552448 1 0 0 0 0 0 0 0 0 0 0 0 0 0 0 0 0 0 0 0 0 0 0 0 0 0 0 0 0 0 0 0 0 0 0 0 0 
1.71429 1 1.06527 -0.135241 -1.42169 0.0814292 -1.71327 11.5788 0.189738 0.964871 -6.67429 0.238052 0.458436 -2.78178 -0.287375 0.842341 -0.67338 -0.674521 0.4813 0.297644 0.593871 -4.18501 0.4944 0.503526 0.182273 -0.273493 0.0579601 -0.148057 0.304851 0.310208 0.0841249 0.40866 0.285543 0.0568213 0.542059 0.478435 -0.0102144 0.157216 0.90456 -1.13042 -0.388492 -1.38678 0.708491 47.9908 -0.333586 -0.858458 0.297134 1.31642 0.353666 -0.553457 0.374698 0.515503 -0.269113 0.425498 -0.276016 -0.869553 2.88002 1.05731 0.787917 -0.0614054 1.83512 0.30234 1.84621 0.0524046 1 0 0 0 0 0 0 0 0 0 0 0 0 0 0 0 0 0 0 0 0 0 0 0 0 0 0 0 0 0 0 0 0 0 0 0 
4.85714 -0.104418 -1.55256 0.739446 7.26427 -0.470124 -0.176182 15.3458 0.17892 0.683163 -5.78944 0.191401 -0.0792099 0.0594172 0.738753 0.00658829 0.314983 0.369894 -0.622294 -0.236603 -0.193569 -1.42811 0.219201 -0.0263433 -0.136407 0.130903 -0.245335 0.0374839 -0.0227189 0.355122 -0.538887 -0.0027527 0.414642 0.662289 0.50281 1.41819 -0.673818 -0.472318 0.890542 3.56462 0.556921 2.31144 -0.107475 -52.6262 0.367982 1.1422 0.587021 -0.479458 -0.174286 -0.131268 -0.323524 -0.722218 -0.131197 -0.39225 0.0977659 0.927621 1.2386 0.267893 2.43527 0.49902 -0.67888 0.953108 0.72998 -0.240295 0.77446 1 0 0 0 0 0 0 0 0 0 0 0 0 0 0 0 0 0 0 0 0 0 0 0 0 0 0 0 0 0 0 0 0 0 0 
9.14286 -0.61245 -2.5289 0.400582 -4.36513 0.264736 0.466063 2.9813 0.0616097 1.03994 -1.03557 -0.0236863 0.0954344 -1.7734 0.0736746 0.555699 -0.40247 0.460676 -1.10023 -0.621582 0.369965 -0.862603 0.374898 0.0555068 -0.592402 1.0984 -0.3299 -0.112656 -0.453457 0.513378 -0.121076 -0.994589 0.255482 0.995317 1.21809 1.11255 -0.281023 -0.29995 -1.88402 -1.71736 -0.225756 -0.629366 -0.0483656 31.8731 -0.222956 -0.290039 -0.36874 -1.19848 -0.571759 0.242505 -2.38974 0.00700408 -1.26754 0.231083 -0.196316 0.22659 1.47497 1.34299 4.78744 0.895584 -0.974091 1.15837 0.593289 -0.418359 -1.07664 -2.72687 1 0 0 0 0 0 0 0 0 0 0 0 0 0 0 0 0 0 0 0 0 0 0 0 0 0 0 0 0 0 0 0 0 0 
7.42857 -1.14859 -1.85266 -0.173883 -11.0426 0.755371 -2.55212 51.4878 0.569945 -1.68442 6.82426 -0.296589 0.206179 2.32813 0.133895 0.1475 0.738505 0.597248 -0.165356 -0.0757451 0.114219 2.28445 -0.229098 0.380962 -0.300822 -0.437069 -0.828347 0.128311 -0.303755 0.395354 -0.687155 -0.750201 0.0421155 -0.26226 -0.0405499 -0.0521717 -0.0251217 0.132862 -2.10152 -4.38766 -0.495217 -2.00926 -0.138263 101.046 -0.710972 -0.107153 -0.204668 0.778287 0.458661 -0.228545 0.38306 -1.06515 0.583283 -0.80318 0.804041 -0.133294 3.01486 0.451344 2.72239 0.364996 4.10869 0.812821 1.11621 -0.215206 -0.540777 -2.5646 0.535266 1 0 0 0 0 0 0 0 0 0 0 0 0 0 0 0 0 0 0 0 0 0 0 0 0 0 0 0 0 0 0 0 0 
5.28571 -0.7751 -0.723222 -0.135114 -7.20035 0.486876 -1.61309 46.3156 0.561667 -0.654758 -6.17726 0.275677 0.526245 0.273908 0.42287 -0.620813 -0.27216 -0.749135 0.654829 0.493288 0.799119 -0.837414 -0.267201 0.262499 0.604606 -0.128559 -0.589481 0.199713 -0.337955 0.54552 -0.630457 0.148571 0.312816 0.465263 0.213575 0.0197258 0.189085 0.147588 -0.0637972 0.0656214 -0.0167278 -1.43746 0.0730528 51.0943 -0.357503 -0.878158 0.117631 0.765585 0.322718 -0.345002 -0.126549 -0.654242 0.301129 -0.076229 0.795669 0.084707 1.61867 0.182045 -1.5813 -0.404542 2.88725 0.710484 1.33448 0.294744 0.235432 -0.459991 -0.228233 0.722088 1 0 0 0 0 0 0 0 0 0 0 0 0 0 0 0 0 0 0 0 0 0 0 0 0 0 0 0 0 0 0 0 
5.57143 0.389558 -1.59467 0.685988 4.6027 -0.322496 1.90969 -39.6037 -0.425766 1.61596 0.817634 -0.0876317 0.139133 -1.60615 -0.172223 0.390635 -0.623774 0.0615104 -0.242179 0.089965 -0.449939 4.75803 -0.477031 0.344994 -0.38192 -0.201558 -0.386987 0.536761 -0.753274 0.733805 -0.202221 -0.510056 -0.315501 -0.0538893 0.0840198 0.0986609 -0.216843 0.245515 1.1551 3.45243 0.493947 1.28988 -0.163002 -70.8856 0.496381 0.632614 -0.547697 -0.839242 -0.355557 -0.0919922 0.295 -0.432727 0.390396 0.211317 -0.229689 -0.557637 -0.947088 -0.20119 -1.78432 -0.180989 -0.890138 -0.343345 -0.82353 -0.0972082 0.0110186 0.857605 -0.149275 -0.61191 -0.899751 1 0 0 0 0 0 0 0 0 0 0 0 0 0 0 0 0 0 0 0 0 0 0 0 0 0 0 0 0 0 0 
10.7143 -0.307229 -3.20606 0.683234 -0.770972 0.0447627 -0.570098 14.0413 0.157603 -0.100628 7.56809 -0.375654 0.00670498 -0.232284 -0.298379 0.506556 -0.0590626 0.408817 0.138347 -0.214265 0.525459 -5.5207 0.595981 -0.494416 0.1286 0.440229 -0.253972 -0.332005 0.19422 -0.171975 0.196394 0.276436 -0.0592622 0.796966 0.658461 0.972739 -0.0286308 -0.479237 2.52106 3.04267 0.316198 0.640804 0.0834122 27.3222 -0.185373 -0.273353 -0.0662 -0.88348 -0.462469 0.277529 -0.695715 -0.00937718 -0.429525 -0.236319 -0.240606 0.522052 0.915738 0.55211 0.338518 -0.00875882 -0.985429 -0.0113636 0.194183 0.0622336 -0.19717 -0.438041 0.310739 -0.191284 0.150163 -0.281794 1 0 0 0 0 0 0 0 0 0 0 0 0 0 0 0 0 0 0 0 0 0 0 0 0 0 0 0 0 0 
12 -1.251 -3.31541 0.436914 -7.0839 0.462359 -1.83271 38.0015 0.440057 -0.345095 10.3022 -0.526062 0.255494 -0.2404 0.116811 -0.755869 0.219835 -0.0135525 -0.595335 -0.130271 -0.761069 7.96857 -0.671318 -0.0410135 -0.714771 -0.354903 0.183479 -0.0936912 0.164261 -0.249189 -0.611506 -1.26113 0.466837 0.718898 0.112499 1.05196 -0.554461 -0.491846 -0.386928 1.09657 0.300368 -0.365995 -0.365222 67.709 -0.472826 1.11932 -0.343608 -0.981417 -0.109659 0.185936 0.661449 -0.743749 0.775094 -0.30196 0.142147 0.0919103 4.80568 0.709927 -3.4257 -0.706091 1.84168 0.380932 0.316538 0.344286 -1.32358 -3.0241 0.817638 0.406412 0.296515 -0.500929 0.0589075 1 0 0 0 0 0 0 0 0 0 0 0 0 0 0 0 0 0 0 0 0 0 0 0 0 0 0 0 0 
2.57143 -0.39759 -0.947097 0.0757521 -1.96384 0.117628 1.48103 -12.4345 -0.151533 -0.153303 -2.24317 0.166044 -0.149242 2.55147 0.434843 -0.778252 0.413394 0.4103 0.0736791 0.240011 -0.543378 7.29696 -0.926971 -0.0269713 0.26665 0.174676 1.07683 0.356558 0.0282635 -0.209695 0.0687111 0.604079 0.286054 0.367776 -0.414667 0.453838 -0.0691909 -0.311777 2.80352 1.38606 -0.0261181 -1.47555 0.792308 83.2289 -0.584163 0.298625 -0.0622508 0.785043 0.370973 -0.298709 -0.474049 -0.628565 -0.590623 0.112976 -0.3914 0.0167118 -0.0210703 0.0897728 0.365762 0.0281854 1.33551 -0.530897 0.642394 0.34608 -0.690461 -2.80475 0.705447 0.96389 0.344824 -0.594404 2.12939 -1.67122 1 0 0 0 0 0 0 0 0 0 0 0 0 0 0 0 0 0 0 0 0 0 0 0 0 0 0 0 
0.285714 0.714859 1.0037 0.0184152 1.19441 -0.0654047 -0.908445 2.69486 0.059505 0.665483 -15.663 0.674235 0.215624 -2.549 -0.051825 0.547605 -0.66054 0.090904 -0.468415 0.0414563 -0.309709 1.06207 0.172727 0.610519 0.177803 0.0284241 1.44243 0.926744 -0.889737 0.784075 -0.308675 0.303188 0.436746 -0.741795 -0.692257 -0.479294 0.245791 -0.253427 -0.932361 0.00635477 0.311888 -0.895503 -0.587987 47.2395 -0.343123 1.19237 0.508536 1.23494 0.775231 -0.0075097 0.120856 -0.819803 0.270731 -0.332534 -0.483077 1.05761 -1.64874 -1.37046 -0.262474 -0.0671704 -1.7534 -0.80534 -0.811212 0.0745391 -0.0709061 0.274762 0.0645302 -0.0882005 0.149666 -0.522516 -1.7933 1.80584 0.231005 1 0 0 0 0 0 0 0 0 0 0 0 0 0 0 0 0 0 0 0 0 0 0 0 0 0 0 
9.85714 -0.315261 -2.42211 0.152244 -8.54327 0.577164 -0.872692 0.480919 0.00149172 -0.305573 4.88194 -0.252603 0.181555 -1.75228 -0.720767 0.55271 -0.667011 0.745313 -0.577655 -0.473195 0.655966 0.000895846 0.0980837 0.172369 -0.690462 0.0245958 -0.918164 -0.320725 0.0985392 0.076055 -0.367229 -1.07442 0.335031 0.557457 0.848389 1.51542 -0.534431 0.00317071 0.634616 2.42944 0.241409 -0.203136 0.371161 9.27235 -0.0634338 0.290297 0.452884 -0.879625 -0.65988 0.274448 0.636176 -0.292196 0.489207 -0.739971 0.13616 0.492099 2.13463 0.402922 3.21739 0.481792 2.42476 0.581036 0.0971027 -0.0897465 -1.03527 -2.00646 0.504616 0.142493 0.379262 -0.892746 -2.37892 2.68264 -0.192468 -0.0898411 1 0 0 0 0 0 0 0 0 0 0 0 0 0 0 0 0 0 0 0 0 0 0 0 0 0 
4.85714 -0.751004 -1.1524 0.311212 1.29682 -0.0120313 -0.472729 -13.8574 -0.16252 0.200616 13.014 -0.726408 0.465501 0.507445 0.668416 0.0244122 0.333012 0.0651012 0.64871 0.429876 0.0551638 -2.67404 0.195686 -0.197465 0.238265 0.474522 -0.176786 0.0141058 -0.419422 0.739356 -0.239972 -0.147678 0.593882 -0.239833 0.16208 0.842195 -0.28762 0.278546 0.586585 0.95481 0.0303295 -0.961556 0.507143 -0.881698 0.00629176 -0.581748 0.715146 1.58939 0.524606 -0.522864 0.867562 1.15188 -0.188934 0.842764 -0.301984 -0.0578923 -1.70509 -0.316809 -2.5993 -0.474292 -1.6713 -0.847783 -0.55967 0.175696 0.234834 0.712893 -0.194679 -0.161127 0.22029 -0.204923 1.98431 -0.741923 0.94294 -0.0279672 1.71749 1 0 0 0 0 0 0 0 0 0 0 0 0 0 0 0 0 0 0 0 0 0 0 0 0 
0 0.660643 0.358455 -0.0391429 0.540889 -0.0126284 0.587784 -27.023 -0.33161 0.215783 -20.4841 0.935831 -0.245051 -1.05186 0.336158 0.0825682 -0.209782 0.0769625 -0.560353 0.0040807 -0.220873 -0.95783 0.168085 0.217736 -0.0128837 0.577969 -0.356893 0.226162 -0.268565 0.111118 -0.542641 -0.0764025 0.543274 0.449294 0.138488 1.96227 -0.728898 -0.729164 0.822663 1.6186 0.30136 0.0437525 -0.00866925 12.9813 -0.0945251 0.448859 0.41099 0.912658 0.396481 0.117884 0.665846 -0.271571 0.412104 -0.107371 0.161041 0.176588 -2.16095 -0.549367 1.10256 0.232841 0.0335573 -0.219248 -0.495473 0.238951 -0.596273 -0.737505 0.185293 -0.0309432 0.418989 -0.980743 0.885231 -0.125836 0.437046 -0.135266 0.0297786 -0.0314396 1 0 0 0 0 0 0 0 0 0 0 0 0 0 0 0 0 0 0 0 0 0 0 0 
7.14286 -1.10442 -1.95529 0.420927 1.62199 -0.0583215 -2.20957 16.6859 0.195463 -0.497711 6.12228 -0.368256 0.669153 1.1275 0.743041 -0.563111 0.291874 0.0784372 -0.0199969 0.0474949 -0.063376 3.59928 -0.5966 0.220005 -0.349786 -0.209647 -1.25299 0.0322525 -0.731704 0.395315 -0.533053 0.0123038 0.254138 -0.347481 -0.158975 1.37854 -0.751715 -0.407776 0.366191 0.640398 0.221284 1.38459 -0.300071 -65.1431 0.443484 0.319397 0.524384 1.42556 0.335653 -0.62931 0.692074 -0.353214 0.0432935 -0.341451 -1.04119 0.861903 -4.15761 -2.2585 1.08053 0.12437 -0.519969 -1.16704 -0.420259 0.124917 0.753415 1.5188 -0.231098 0.0923108 0.0746638 -0.504708 0.506939 0.118556 1.07741 0.301619 1.48887 -0.552982 -3.89254 1 0 0 0 0 0 0 0 0 0 0 0 0 0 0 0 0 0 0 0 0 0 0 
9 -1.36345 -2.57706 0.22089 -6.88203 0.460712 -1.51109 28.1764 0.335402 -0.0262545 12.3394 -0.654882 0.380057 -0.983558 -0.0241132 0.569306 0.0704247 -0.151063 -0.389789 -0.242272 0.744149 -5.48146 0.898681 0.273163 0.371015 0.0401393 1.20403 0.184335 0.293327 0.191789 0.111095 -0.435089 0.210635 0.187077 0.790625 -0.668751 0.424778 0.219119 -2.95249 -6.0093 -0.838355 -1.23498 -0.08197 62.572 -0.43267 -0.76066 -0.551214 -0.583535 -0.276311 -0.525967 -0.784703 0.191906 -0.455644 0.40838 -0.656342 -0.176148 1.95094 0.591439 -0.342619 -0.0586066 -0.0510638 0.24285 -0.694856 -0.404237 -2.01116 -3.52256 0.718646 0.357646 -0.209189 0.586604 2.47377 -1.66743 0.189329 -0.03354 0.0722168 0.524968 0.0128609 0.106204 1 0 0 0 0 0 0 0 0 0 0 0 0 0 0 0 0 0 0 0 0 0 
10.7143 -0.672691 -2.83302 0.0793895 -10.4404 0.646615 -0.91523 42.9597 0.502141 -0.619657 -7.84287 0.401984 -0.00483001 -0.537427 -0.195132 -0.732826 -0.50249 -0.297981 -0.112478 -0.0200568 0.617156 -4.81144 0.219477 -0.468673 0.184687 0.815342 -1.47727 -0.348392 0.360922 -0.302409 0.00091616 0.577101 -0.520404 1.59625 0.65617 1.7633 -0.870203 -0.733647 1.708 3.2541 0.373661 2.76152 0.143036 -98.2065 0.688393 0.331725 0.313894 -1.0472 -0.666198 0.569042 -1.51541 0.401366 -0.837501 -0.35777 -0.0887645 0.418714 -2.19583 -0.200262 2.3806 0.594765 -2.43292 0.757405 -1.50637 -0.356394 -1.50682 -0.749317 0.342831 -0.392611 -0.0438867 0.226985 2.21138 -1.35486 -0.152278 -0.826018 0.0435678 0.211944 0.0154098 0.17748 0.29311 1 0 0 0 0 0 0 0 0 0 0 0 0 0 0 0 0 0 0 0 0 
7.28571 -0.803213 -2.43533 0.163159 -6.06774 0.426063 0.209334 -14.0589 -0.192684 -0.622048 13.9061 -0.650569 0.0636413 1.20458 -0.167379 0.384046 0.411766 0.949948 -0.427635 -0.41503 -0.66061 3.7804 -0.206441 0.0410231 -0.802596 0.224879 -0.477761 -0.0551677 -0.532411 0.0959558 -0.385638 -0.786296 0.454396 0.233473 0.383962 0.809057 -0.26156 -0.0350653 -0.860014 1.3996 0.168265 -0.323927 0.29267 22.0449 -0.148998 0.485551 0.230755 -1.12251 -0.268055 0.344167 0.102893 -0.660793 0.249708 -0.339103 0.230102 0.693069 1.01429 -0.209441 -4.44719 -0.736987 0.384262 -0.238954 -0.156199 0.301138 -1.92642 -3.74459 0.738487 0.414836 0.468049 0.254869 1.23367 -0.72213 0.219049 0.136051 -0.986488 -0.79408 -1.71266 0.471813 0.75549 3.11557 1 0 0 0 0 0 0 0 0 0 0 0 0 0 0 0 0 0 0 0 
3.28571 -0.508032 -0.963348 0.00696528 -3.17597 0.197704 -0.779904 44.5837 0.505266 -0.696087 -13.6684 0.679274 -0.137599 1.67312 0.768058 -1.27716 0.258379 0.31461 -0.168813 0.164671 -0.569185 3.18613 -0.547621 -0.196166 1.08546 0.0447005 1.62025 1.05508 -0.40966 0.426245 -0.549965 -0.331383 0.168578 -0.909446 -0.516883 0.17103 -0.187588 0.115612 0.401685 1.59053 0.401467 -0.996922 -0.350905 70.3763 -0.491533 1.36791 -0.0255567 0.642599 0.693933 -0.348505 0.53198 -0.501283 0.0604748 0.590296 -0.617661 0.296111 -1.92349 -0.812404 -2.2264 -0.323532 -1.42955 -0.890695 -0.853491 0.0986462 -1.33237 -2.3706 0.514178 0.0975041 0.00236098 0.228084 2.20399 -1.01477 0.945948 0.322169 0.0357113 -0.0184727 -0.221539 0.343685 0.418082 4.01952 0.606856 1 0 0 0 0 0 0 0 0 0 0 0 0 0 0 0 0 0 0 
14.1429 -1.35743 -3.95748 0.0111499 -15.3139 0.954324 -1.89055 55.8336 0.669089 -0.925731 -2.31929 0.176573 0.303317 0.81624 -0.345857 0.104724 -0.0899294 -0.164847 -0.131571 -0.001322 -0.312059 4.36829 -0.590706 0.00347326 0.190998 0.674647 0.300073 0.173391 -0.0632015 -0.244835 0.146582 0.152301 -0.130818 0.757076 -0.0219885 0.73974 -0.344233 -0.373481 1.32132 0.653506 0.0141217 -1.01194 0.436031 70.922 -0.500498 0.739211 0.151866 0.140576 0.217127 0.80076 -0.579279 -0.223302 -0.242904 -0.344311 0.8019 -0.603355 2.52046 1.56437 3.71972 0.610189 1.78162 0.938383 0.901584 -0.22072 -0.970313 -2.80585 0.932142 0.222238 -0.224665 -0.338261 1.59236 -1.37909 -0.132878 -0.8359 -0.538729 -0.674595 -1.59584 0.145583 -0.0332638 3.40742 0.644099 -0.123137 1 0 0 0 0 0 0 0 0 0 0 0 0 0 0 0 0 0 
12.4286 -1.58434 -4.23345 0.367385 -9.85523 0.591652 -0.477325 23.1793 0.2627 -0.281657 -19.3758 0.974544 -0.314679 -0.212205 0.108445 -0.726013 -0.0504326 -0.328784 -0.561757 -0.0715031 -0.358418 6.63296 -0.569665 0.253632 0.174959 -0.296228 1.75438 0.628112 0.110036 0.0414747 -0.0375476 -0.576025 0.0139571 -0.439474 -0.0670916 -0.0112318 -0.205267 0.164407 -1.35006 -3.27075 -0.40895 -2.12308 -0.0585379 82.1968 -0.577649 -0.119667 -0.29742 0.763119 0.446372 -0.453503 1.00726 -0.302883 0.243678 -0.247067 -0.975944 0.75558 -4.4793 -2.49443 -5.4031 -0.838895 0.838661 -2.29553 -3.29717 0.379173 -4.05039 -5.35941 0.934178 0.93565 0.535671 0.139647 0.961746 0.742111 0.83293 1.17406 0.435711 -0.484596 -3.37616 0.689006 0.87955 3.23945 0.928223 -0.668867 0.604422 1 0 0 0 0 0 0 0 0 0 0 0 0 0 0 0 0 
9.14286 -0.935743 -2.84197 0.122692 -9.66257 0.660746 -0.118863 -1.77226 -0.0489215 -1.18792 19.4509 -0.864146 0.132657 1.82597 -0.411541 0.323369 0.29792 1.19564 -0.0473141 -0.264172 -0.250087 2.537 -0.284957 -0.208455 0.0575255 -0.471654 0.843487 0.195676 0.788199 -3.70014e-05 -0.22808 0.395129 0.167707 -0.509375 -0.786906 -0.754326 0.431204 0.182098 0.808634 -1.3315 -0.211125 -1.95107 0.216346 62.358 -0.439217 -0.784347 -0.0824147 1.0921 0.227579 -0.632391 1.41021 0.819453 0.223645 0.543628 -0.397777 -0.452427 -2.64625 -0.71013 -0.967317 -0.195925 -0.418323 -0.859329 -0.511241 0.179335 0.627466 1.17022 -0.354137 0.104306 -0.120518 -0.212977 0.380966 -0.193967 0.510173 0.0840043 0.685118 0.62125 1.62883 0.30902 0.356431 1.84989 -0.49827 0.684504 -0.244671 0.900484 1 0 0 0 0 0 0 0 0 0 0 0 0 0 0 0 
5.57143 0.389558 -1.59467 0.765597 5.42572 -0.383739 1.04351 -31.2349 -0.34475 2.26217 -6.86277 0.23967 -0.491194 -1.8912 0.296388 1.13511 0.144301 -0.108722 -0.313861 0.190157 -0.290713 -2.80356 0.780836 0.358128 -0.21073 0.409167 0.546667 -0.0425248 0.199144 -0.322297 0.288055 -0.210766 0.274653 0.277121 0.282728 0.451594 -0.306283 -0.319768 -0.328764 -1.78153 -0.371342 0.592589 0.526464 17.2101 -0.114542 1.23379 0.566689 0.455883 0.560152 0.631944 -0.352061 -0.497485 -0.147581 -0.608676 1.10791 -0.406433 2.25042 1.14808 2.43955 0.423809 1.25588 0.505201 0.701465 -0.00430232 -0.550496 -2.02122 0.807932 -0.132704 -0.480173 -0.523899 1.18618 -0.347242 0.824364 -0.223725 1.33847 0.192711 -1.17395 0.355986 0.439013 3.36243 0.185908 0.709628 0.799977 0.240567 0.401544 1 0 0 0 0 0 0 0 0 0 0 0 0 0 0 
0 1.01205 0.941618 0.243199 5.82848 -0.334071 0.130314 -27.8719 -0.308285 1.14383 -10.1509 0.378725 -0.0605814 -2.39469 0.20259 0.754011 -0.466004 0.625385 -0.781713 -0.268044 1.06248 -7.33225 1.09894 0.396964 -0.33012 0.859959 -0.886811 0.0608459 -0.740577 0.507556 -0.149344 -0.105761 0.0615972 0.608639 0.809936 0.655593 0.305839 -0.584474 -0.941563 0.392996 0.158813 0.214209 -0.218585 39.5425 -0.273345 1.01337 0.168014 0.111373 0.391401 -0.454926 -1.59232 -1.04887 -0.386031 -0.231948 -0.242985 0.939618 0.556935 -0.24543 3.65743 0.589996 1.42601 0.0176872 0.563768 0.26707 -0.482455 -2.59659 0.955063 0.446869 -0.554489 -0.779015 -1.51635 0.579192 0.521973 -0.395113 0.794573 -0.981201 -3.09303 0.740209 -0.321101 -1.02912 -0.556134 0.438578 0.075259 0.0717263 0.163689 -1.36149 1 0 0 0 0 0 0 0 0 0 0 0 0 0 
7.85714 -0.933735 -2.77813 0.609292 1.24558 -0.039232 1.59194 -59.7264 -0.683234 0.612449 4.50683 -0.227934 0.151154 -1.29357 -0.494391 0.831788 -0.67479 0.874016 -0.454717 -0.15514 0.856823 -1.85068 0.501333 0.568112 -0.233471 -0.0417449 0.26502 0.339539 0.0248218 0.200246 -0.093654 0.143657 -0.277998 -0.111762 0.140302 -0.758833 0.399287 -0.0110092 -1.25107 -3.09385 -0.300245 -0.524494 -0.428174 29.2507 -0.20754 -0.0571249 0.293104 1.23309 0.641324 -0.461473 -0.184568 0.355015 -0.264111 0.315922 -0.968538 0.769425 -3.22499 -1.14313 4.01434 0.626014 1.8895 -0.22796 -0.172308 0.48991 0.420159 1.01373 -0.321648 0.112083 0.189834 -1.1881 -1.16845 1.16788 -0.633908 -0.596147 -0.783827 0.469405 5.93195 0.17653 0.574723 -0.699351 -1.04024 -0.172556 -0.287528 0.900386 0.170325 2.04244 -1.43483 1 0 0 0 0 0 0 0 0 0 0 0 0 
14.1429 -0.809237 -4.70541 1.06037 -3.30752 0.190533 3.23213 -66.4712 -0.774656 1.41139 12.1438 -0.607327 -0.221255 -0.509194 -0.344707 0.763633 0.0281309 0.770539 -0.209469 -0.219099 -0.114219 2.3602 0.0817337 0.518189 -0.848088 -0.610094 0.176403 -0.291856 0.471482 0.0131788 -0.240653 0.0810078 0.145136 0.565885 0.0808494 -0.138308 0.0208787 -0.127206 -0.5503 0.312988 0.0867069 -0.0642325 -0.116686 12.1253 -0.0816532 -0.399605 -0.0399547 -0.821152 -0.366408 -0.062622 -0.58274 0.291296 0.0345975 -0.550992 -0.0977912 0.639061 2.36854 -0.00136796 -1.07277 -0.292294 0.13509 0.437071 0.466353 -0.0885918 0.787034 1.62166 -0.375871 -0.13758 -0.0622624 0.615352 -1.04191 0.350281 -0.424988 0.101315 -0.140071 -0.668165 -2.97584 0.35834 0.223433 -2.44507 0.0302714 -1.72683 0.494486 0.476423 0.0268966 -0.311892 0.123478 -0.0372996 1 0 0 0 0 0 0 0 0 0 0 0 
8.28571 -0.297189 -1.58778 -0.00213901 -9.80756 0.606801 -0.38714 12.722 0.197064 0.6488 -8.86236 0.423245 0.341513 -0.456034 -0.026665 0.0822424 -0.486006 -0.0588616 0.218053 0.0937531 0.346356 4.59543 -0.565567 0.399616 -0.0138941 -0.130896 0.648062 -0.0810686 0.46899 -0.136081 0.0910794 -0.821812 0.301483 -0.469981 0.451918 0.146398 -0.124851 0.49501 0.449825 -1.24401 -0.327613 -0.729064 0.291973 -25.4825 0.1747 -1.51666 -0.176274 0.625922 -0.244174 -0.394797 1.07131 0.388914 0.292454 0.375391 0.0780194 -0.598635 -1.09954 0.020751 -1.4785 -0.227948 -0.819859 -0.162585 -0.10143 -0.0954256 0.94434 2.02718 -0.581952 -0.231751 0.0067601 0.71756 -2.40677 1.49672 -0.140424 0.650904 0.876268 0.0894534 -1.73404 -0.279187 -0.32476 -3.71941 -0.072659 -0.854916 -0.109484 -0.257608 -0.477382 0.304026 0.414064 -0.0660395 -1.52046 1 0 0 0 0 0 0 0 0 0 0 
12.1429 -0.626506 -3.71623 0.262459 -9.81789 0.560417 0.940687 -24.0101 -0.242796 1.23842 -5.11052 0.267665 -0.0840398 -0.483326 -0.47832 0.69415 -0.209364 0.303143 0.544534 -0.0101863 -0.559774 5.09144 -0.453502 0.0703078 -0.410961 0.0958991 0.456386 -0.137491 -0.0357035 -0.186942 0.125812 -0.133761 0.249329 -0.482285 -0.141205 -0.0586906 0.12302 0.137536 -0.00425142 -2.36273 -0.491719 -0.87537 0.530577 51.1637 -0.348785 -0.36776 0.0252619 0.676101 0.456545 -0.54785 -0.205249 -0.549053 0.215617 0.295497 0.20794 -0.061977 -0.386753 -0.112567 -0.365025 -0.0784595 0.654241 0.415348 0.798841 0.0390719 -0.0233528 -0.944044 0.185533 0.343423 0.126211 0.557363 1.98425 -1.51861 0.109753 0.192674 -0.745359 -0.444738 -1.58267 0.262982 0.477042 2.39404 0.705892 -0.143835 0.313672 0.135802 0.394621 -0.98005 0.192261 0.143645 -3.54419 0.272588 1 0 0 0 0 0 0 0 0 0 
3.42857 0.341365 -0.944175 0.496075 4.68651 -0.278908 0.350518 1.57309 0.0142417 0.264155 -11.0215 0.5027 -0.263959 -0.446907 0.347975 -0.434189 -0.259695 0.232182 -0.0528754 0.0544011 0.597226 -4.52716 0.421252 -0.285749 0.172853 0.138617 -0.719685 0.177819 -0.0127725 0.562998 -0.0443377 0.0516695 -0.447904 0.172151 0.294313 -0.572883 0.458108 0.526536 -0.319156 2.1784 0.28048 0.144906 -0.0359785 -41.0404 0.294866 -0.646546 -0.35091 -1.25431 -0.691116 0.0142614 -0.332465 0.387237 -0.052315 0.86373 0.533292 -0.549822 0.0541218 0.818467 -0.655814 0.0569454 0.140347 0.569459 -0.493413 0.0147448 -1.76601 -2.93751 0.54999 0.156767 0.0697284 0.587336 -0.623474 0.251289 -0.5866 -0.254061 -0.881916 0.265784 2.85572 -0.0605686 1.05083 3.37474 0.231928 0.501579 0.275625 0.426499 0.757529 -0.266681 -0.734314 0.189094 0.290081 -1.16553 -0.703224 1 0 0 0 0 0 0 0 0 
2.71429 -0.419679 -0.36315 0.0822335 -1.74674 0.183103 -1.65235 42.308 0.465861 -1.74896 -1.86878 0.114318 0.195689 0.514566 0.055095 -0.673395 0.0197581 0.189988 -0.258679 -0.292519 0.784914 -2.38434 0.176972 -0.372137 0.27091 0.0896247 0.724912 -0.110892 0.149533 0.370766 0.213553 0.0778369 0.0137315 -0.0146951 0.0314919 -1.17671 0.93041 0.292713 0.891309 1.81398 0.265959 -1.11822 -0.236046 51.4765 -0.36709 0.0131328 -0.182563 -0.790819 -0.617373 0.0616145 -0.873934 -0.0246546 -0.531652 -0.305056 -0.461666 0.479977 1.4374 0.311539 4.47502 0.654585 1.56225 0.44264 1.38554 -0.139989 1.09349 0.923967 -0.0922329 0.257792 0.424592 -0.713469 -1.4682 1.50567 0.0952482 0.449983 0.623954 0.163584 1.0276 0.111494 -0.356642 -0.612046 -0.521022 0.570723 -0.205134 0.0547201 0.385201 -0.018084 -0.586845 0.000149453 0.674688 -0.985938 -1.05662 0.0302169 1 0 0 0 0 0 0 0 
0 1.29317 1.59002 -0.199558 -0.757438 0.0867393 -2.0341 27.4706 0.332344 -0.644366 -0.939942 0.0250473 0.463933 -1.5768 -0.51945 0.188315 -0.682837 -0.292421 0.478567 0.131115 0.810026 -3.20499 0.0990421 -0.187829 0.202309 0.101952 -0.406735 -0.25944 0.232556 0.140654 -0.139558 -0.402934 0.168795 0.56714 0.572454 1.11929 -0.145455 -0.282779 -0.436491 -2.19193 -0.240067 -2.40519 -0.0530564 100.645 -0.70822 0.31212 -0.0382904 0.811548 0.420396 0.170061 0.289229 0.106716 0.0671673 0.190007 -0.141847 -0.073611 -3.09227 -0.468412 3.07043 0.541693 0.892499 0.104422 -0.728818 0.18807 0.138984 1.55802 -0.502065 -0.0649472 0.574713 -0.900238 -0.327156 1.09893 -0.258805 -0.318623 0.298231 1.05916 4.49957 -0.298964 0.0502628 -1.3886 -0.57262 -0.117459 -0.592503 0.10927 -0.0467492 1.0743 -1.12553 0.513093 0.853822 -0.481728 0.185933 0.500547 -0.805703 1 0 0 0 0 0 0 
9.85714 -0.385542 -3.21427 0.869763 0.482032 -0.0688012 2.68133 -32.7962 -0.35995 1.40729 -16.708 0.819594 -0.487524 -0.286157 0.229481 -0.404042 -0.162747 -0.28488 -0.163647 0.271607 -0.0606384 1.7416 4.99518e-05 0.238599 0.957142 0.714079 2.28354 0.842385 0.31857 -0.493401 0.248522 -0.650863 -0.104837 1.07055 0.569442 0.213591 0.00423524 -0.412081 -2.77853 -3.36872 -0.295757 -2.05532 -0.42931 118.08 -0.822671 0.845249 -0.832798 -0.717572 0.312311 0.302579 -1.02119 -0.686093 -0.0510175 0.172613 -0.258917 -0.2097 1.90894 0.240164 -2.15638 -0.389018 0.961661 0.178622 -0.444545 0.0184275 -2.27798 -4.09898 0.901179 0.443473 0.673421 -0.396491 1.35302 -0.0877769 0.383534 0.586109 -0.210386 -0.156988 -0.811316 0.197249 0.83151 2.17775 0.788707 -0.862619 0.687274 0.739726 0.582322 -0.195877 -0.474615 -0.0228066 0.857886 -0.589723 -0.384253 0.66226 -0.260512 0.391695 1 0 0 0 0 0 
11.7143 -1.81124 -4.31455 0.451238 -4.95118 0.288368 0.363818 -19.4621 -0.213005 0.278355 4.06376 -0.192429 0.338218 1.66222 0.469157 0.0170797 0.241258 -0.224099 0.881973 0.665464 -1.11776 8.01004 -0.955083 0.279159 -0.110612 -0.81618 0.343349 0.450589 -0.223959 0.0613026 -0.428241 0.599458 0.137555 -0.142562 -0.528519 0.50202 -0.322187 -0.289603 1.94826 1.03208 0.0513448 -1.00122 0.564229 63.0217 -0.441417 1.14476 0.639822 1.08254 0.733482 -0.51131 0.558991 -0.892958 0.427221 -0.180037 -0.255752 0.881324 -0.140947 -0.774963 -2.17313 -0.477262 0.526821 -0.560384 -0.140039 0.351606 -0.894705 -2.12956 0.469721 0.641224 0.326926 -0.240393 1.56835 -0.771355 0.423144 -0.0983257 -0.209611 -0.241463 -1.10138 0.492038 0.427498 4.42599 0.303017 0.406374 0.421337 0.70442 0.899996 -1.82747 0.53509 -0.107305 -1.25961 -0.204449 0.553167 0.637975 -0.675261 0.484902 -0.727894 1 0 0 0 0 
4.42857 0.524096 -1.08522 0.651737 5.38196 -0.304979 0.361185 -31.0298 -0.380847 0.274372 -13.1108 0.603226 -0.36453 -0.271178 0.0259134 1.00062 0.164068 0.0810954 0.0696216 0.115599 -0.0390167 -5.47586 0.764563 0.110951 0.315399 -0.0842574 0.405109 0.16754 0.378015 -0.0571329 0.334645 0.338995 -0.0175706 -0.264568 -0.350183 -0.51104 -0.0622614 0.352752 -1.22196 -0.633186 -0.0616304 0.445755 0.0288761 -68.4975 0.480219 -0.39276 0.287823 0.0621493 0.0358008 0.538353 1.60888 0.67916 0.94974 -0.510633 0.196021 0.172856 -1.98412 -0.862176 -0.844827 -0.0712401 -0.541444 -0.533967 -1.6015 0.0465349 -0.226558 1.03573 -0.314946 -0.24872 -0.400362 0.0826554 -2.04238 1.18096 -0.449285 -0.0252065 0.00271044 0.220108 1.5425 -0.227491 0.170602 -0.0722004 -0.180658 -0.5754 0.288097 0.790039 0.403547 0.136401 0.118604 0.0620078 -0.661325 0.759235 0.695805 0.0897481 -0.785618 -0.796272 0.132547 -0.063453 1 0 0 0 
9.28571 -1.40763 -3.40979 0.439947 -4.68481 0.294175 0.0831547 31.2054 0.337757 -1.17416 7.35519 -0.272485 -0.0644719 3.7187 0.510031 -0.965827 0.974223 0.0652704 0.338668 0.107328 0.023189 2.17542 -0.35411 -0.231698 0.918627 -0.392025 1.91818 0.43009 0.507098 -0.143867 0.113173 0.719443 -0.401388 -0.240226 -0.30865 -0.909121 0.104113 0.0164796 0.0208678 -2.17272 -0.150532 -0.820454 -0.557474 86.672 -0.611815 0.608612 -0.374307 1.1113 0.869712 -0.185417 -0.691189 -0.482982 -0.828657 -0.131367 -1.00892 0.405086 -2.9956 -1.08033 1.24001 0.213007 1.23916 -1.29879 -0.283704 0.0833541 0.0760953 -0.0133691 -0.0214824 0.407897 0.32229 -0.441521 -0.648024 1.29298 0.626167 1.20739 0.596841 0.223814 0.878807 -0.0439284 -0.424415 -0.31467 -0.165754 0.103198 0.142101 0.452848 0.0359177 0.884542 -1.14387 0.186994 0.153175 -0.895013 -0.85891 1.26295 -0.511705 0.290045 1.36761 -0.668309 0.122975 1 0 0 
6.71429 -1.03815 -1.71949 -0.137172 -9.70749 0.686005 -1.01788 8.4879 0.0827445 -1.27305 20.0541 -0.885728 0.209495 2.62757 -0.334764 0.398735 0.489234 1.06982 0.588017 -0.00296623 -0.141925 2.96095 -0.380634 -0.164007 -0.718546 0.0862948 -1.52391 -0.0753601 -0.470231 0.497963 -0.730372 0.60903 -0.395769 0.441761 -0.616299 0.247185 -0.179244 -0.442248 -1.00337 -1.14592 0.0677836 -0.101926 -0.513093 23.9795 -0.171672 -0.298413 0.0945445 0.120422 0.0989513 0.401623 -1.37064 0.320347 -0.509434 0.312287 0.974593 0.223041 1.16617 1.09167 0.790592 0.158241 -1.90493 0.784773 0.371864 -0.0532116 0.357494 0.39751 0.171528 -0.240669 -0.138273 -0.0959155 -0.364326 -0.0457927 -0.637713 -0.529577 -0.341151 0.140953 0.385282 0.0112505 0.540642 -2.4544 -0.309452 -1.04037 0.166025 0.0925106 0.20994 0.275063 -0.138273 0.114986 2.36408 -0.609736 0.0164028 0.0832437 -0.114179 0.411361 0.402424 -0.413299 -0.933196 0.526454 1 0 
0.714286 0.746988 0.245265 0.415454 7.36181 -0.435785 -0.577183 -1.0111 -0.0144141 0.254978 -9.05243 0.359882 0.00215687 -0.767252 0.26877 0.283665 -0.090145 0.600525 -0.203033 -0.197724 0.919292 -4.14235 0.611175 0.176261 -0.242249 -0.211461 -0.486142 -0.212301 0.537873 0.332683 -0.190731 -0.380067 -0.336923 -0.328697 0.491345 -0.244309 0.116532 0.411833 -3.90951 -3.92914 -0.327244 1.07229 -0.755608 -81.8275 0.567729 -1.47191 -0.179481 -0.408271 -0.518084 -0.310958 -0.183015 0.323773 0.152833 0.000147735 -0.00621514 0.390336 0.297717 -0.563129 -1.22438 -0.246422 0.305356 -0.107853 -0.701562 -0.0210684 -0.693191 -0.904433 0.0752181 0.458192 0.342626 -0.3002 -1.97868 1.1219 -0.790267 0.00296976 -0.842581 -0.0179581 1.41647 -0.133476 0.541955 -0.892973 0.149886 -1.17861 0.267003 0.231996 -0.133185 1.18231 -1.04865 0.313058 3.05086 -0.801638 -0.530495 0.621167 -0.558251 0.958313 -0.20867 0.262623 0.522945 0.877872 7.92016 1 
